order_id,customer_id,service_type,order_created_at,promised_window_hours,pickup_zone,dropoff_zone,priority_level,order_value,booking_channel,special_handling_flag,is_cross_zone
O00001,C0292,Passenger,2024-08-20 14:43:00,6,Airport,South,Medium,126.65,App,0,1
O00002,C0459,Passenger,2024-05-14 22:16:00,24,North,Airport,Low,109.3,App,0,1
O00003,C0161,Passenger,2025-09-02 14:37:00,4,West,Airport,High,33.5,Phone,0,1
O00004,C0520,Parcel,2025-01-11 17:15:00,2,Riverside,North,Medium,10.04,App,1,1
O00005,C0558,Retail,2025-02-17 19:32:00,12,Riverside,South,Low,125.58,Phone,0,1
O00006,C0437,Retail,2024-08-05 04:55:00,1,Central,East,High,151.44,Web,1,1
O00007,C0001,Business,2024-05-05 21:32:00,2,Central,Airport,Low,76.12,App,0,1
O00008,C0157,Parcel,2024-04-03 17:54:00,4,Riverside,Riverside,Medium,35.06,Phone,0,0
O00009,C0141,Retail,2024-10-03 23:49:00,12,North,East,Critical,78.93,App,0,1
O00010,C0171,Retail,2025-01-29 00:42:00,6,South,North,Low,34.55,Phone,0,1
O00011,C0340,Parcel,2025-08-04 04:19:00,12,West,Central,Low,79.1,Phone,0,1
O00012,C0567,Business,2024-01-16 12:45:00,12,East,Airport,Medium,135.67,App,0,1
O00013,C0234,Retail,2024-03-29 22:11:00,24,Airport,Central,Medium,302.7,App,0,1
O00014,C0318,Passenger,2024-08-25 10:12:00,6,Central,Central,Low,90.96,Phone,0,0
O00015,C0300,Business,2025-11-09 03:04:00,6,South,East,High,145.58,Web,0,1
O00016,C0022,Parcel,2025-07-29 11:51:00,6,Central,Central,Medium,92.66,App,0,0
O00017,C0499,Parcel,2025-05-27 09:12:00,24,Airport,South,Low,60.9,App,0,1
O00018,C0506,Passenger,2024-03-08 22:19:00,6,North,Riverside,High,121.11,Phone,0,1
O00019,C0425,Passenger,2024-03-31 07:18:00,6,North,Central,Low,56.26,Phone,0,1
O00020,C0249,Retail,2024-05-09 22:25:00,2,West,Airport,Medium,100.78,App,0,1
O00021,C0218,Passenger,2024-10-16 11:25:00,2,West,North,Medium,49.99,Web,0,1
O00022,C0594,Retail,2025-04-20 20:56:00,12,Riverside,Central,Medium,134.88,Phone,0,1
O00023,C0077,Passenger,2025-10-05 04:59:00,4,North,North,Medium,122.25,App,0,0
O00024,C0397,Passenger,2024-10-10 05:01:00,6,South,Riverside,High,132.2,App,1,1
O00025,C0297,Passenger,2025-01-10 21:51:00,6,North,Riverside,Critical,66.51,App,0,1
O00026,C0193,Parcel,2025-11-10 22:22:00,24,East,West,High,51.09,App,0,1
O00027,C0024,Parcel,2025-02-26 00:42:00,4,Riverside,North,Medium,96.62,App,0,1
O00028,C0160,Retail,2025-12-21 22:29:00,4,North,South,High,59.44,App,0,1
O00029,C0366,Medical,2024-09-11 12:22:00,24,East,Central,Medium,190.94,Web,0,1
O00030,C0406,Medical,2025-10-05 03:11:00,12,North,East,Low,44.84,App,0,1
O00031,C0573,Passenger,2024-10-25 03:17:00,24,East,Airport,Medium,55.14,App,0,1
O00032,C0297,Passenger,2025-09-15 23:14:00,1,Central,East,Medium,126.43,App,1,1
O00033,C0471,Retail,2025-12-30 21:02:00,6,North,East,Low,36.7,Phone,1,1
O00034,C0023,Retail,2025-02-18 01:38:00,2,North,South,Low,40.88,App,0,1
O00035,C0524,Business,2024-06-14 13:12:00,4,North,Central,Medium,209.07,Web,0,1
O00036,C0126,Parcel,2024-11-06 04:24:00,4,Riverside,North,Medium,73.14,App,0,1
O00037,C0015,Retail,2024-02-10 17:19:00,24,East,Airport,Low,119.31,Phone,0,1
O00038,C0142,Retail,2025-10-06 20:11:00,2,Riverside,East,Medium,168.48,Phone,0,1
O00039,C0351,Parcel,2025-08-01 07:36:00,6,East,Riverside,Low,54.85,Web,1,1
O00040,C0014,Parcel,2025-05-24 22:33:00,1,North,Airport,Low,74.65,App,0,1
O00041,C0243,Retail,2024-09-17 13:42:00,12,Riverside,West,Low,19.15,App,0,1
O00042,C0606,Retail,2025-12-01 18:22:00,24,Riverside,Central,Medium,133.72,Phone,1,1
O00043,C0416,Retail,2024-01-01 03:53:00,12,East,Riverside,Medium,48.59,API,0,1
O00044,C0227,Business,2025-11-02 09:57:00,4,West,Riverside,Medium,61.45,Phone,1,1
O00045,C0326,Parcel,2024-02-13 18:38:00,6,South,Airport,Critical,56.64,App,0,1
O00046,C0538,Parcel,2025-12-13 01:15:00,4,North,Central,High,85.48,App,0,1
O00047,C0220,Medical,2025-11-28 03:02:00,2,West,North,Medium,39.57,App,0,1
O00048,C0145,Medical,2024-11-22 06:49:00,4,Riverside,North,Low,43.37,App,0,1
O00049,C0380,Passenger,2024-12-19 23:58:00,2,West,South,Low,66.46,Phone,1,1
O00050,C0544,Passenger,2024-03-29 13:44:00,1,North,Central,Low,33.93,App,0,1
O00051,C0185,Business,2025-02-07 23:39:00,12,Airport,East,Critical,14.48,Web,1,1
O00052,C0150,Retail,2024-08-14 08:33:00,12,North,Riverside,Medium,293.65,API,0,1
O00053,C0054,Parcel,2024-04-02 11:27:00,24,East,East,Low,73.56,App,0,0
O00054,C0478,Medical,2025-03-29 10:44:00,4,North,North,Low,54.41,Web,0,0
O00055,C0454,Retail,2025-05-30 23:44:00,2,Airport,Riverside,Medium,73.7,App,0,1
O00056,C0271,Parcel,2025-10-05 20:28:00,4,South,Central,High,160.35,Web,0,1
O00057,C0226,Business,2025-06-04 01:43:00,4,East,North,Medium,194.03,App,0,1
O00058,C0083,Passenger,2025-12-16 06:27:00,2,South,East,Critical,51.95,Web,0,1
O00059,C0640,Passenger,2025-11-20 16:54:00,2,Central,Airport,Medium,20.32,Web,0,1
O00060,C0258,Medical,2024-05-10 15:48:00,6,North,East,Critical,37.52,Web,0,1
O00061,C0289,Passenger,2024-07-12 01:44:00,6,Airport,North,High,238.9,Web,1,1
O00062,C0177,Passenger,2025-07-26 08:11:00,4,West,Airport,Medium,45.44,Web,0,1
O00063,C0168,Retail,2025-07-13 05:49:00,12,South,Airport,Low,57.56,App,0,1
O00064,C0346,Business,2025-10-14 07:34:00,12,Central,Riverside,High,45.43,App,0,1
O00065,C0285,Parcel,2024-09-23 07:03:00,4,South,West,High,61.59,App,0,1
O00066,C0421,Passenger,2024-06-21 11:22:00,4,South,East,Low,237.58,App,0,1
O00067,C0339,Passenger,2025-02-25 02:12:00,6,West,West,Critical,131.1,Web,0,0
O00068,C0084,Parcel,2025-10-13 09:08:00,2,Riverside,East,Medium,40.58,App,0,1
O00069,C0369,Passenger,2024-05-19 21:45:00,12,Airport,Riverside,Medium,103.29,Phone,1,1
O00070,C0125,Retail,2025-05-13 21:30:00,4,Central,Airport,Low,165.63,App,0,1
O00071,C0109,Medical,2024-08-31 22:15:00,1,North,South,Low,157.58,Phone,0,1
O00072,C0060,Medical,2024-01-07 16:44:00,2,West,Riverside,Medium,7.32,App,0,1
O00073,C0331,Passenger,2025-03-31 04:59:00,4,Central,South,High,30.82,App,0,1
O00074,C0644,Parcel,2025-10-18 11:44:00,6,Riverside,Riverside,Critical,20.6,App,0,0
O00075,C0026,Business,2024-11-02 04:56:00,2,North,East,Medium,85.65,Web,0,1
O00076,C0075,Retail,2025-12-25 04:37:00,4,Central,Riverside,Low,100.62,Phone,0,1
O00077,C0543,Medical,2025-07-30 07:21:00,4,Riverside,Central,Low,150.98,App,0,1
O00078,C0434,Parcel,2025-10-06 03:35:00,6,West,Riverside,Medium,94.04,App,0,1
O00079,C0353,Parcel,2025-03-10 05:43:00,2,West,Airport,Medium,48.85,App,0,1
O00080,C0082,Parcel,2025-11-13 04:38:00,4,South,South,Medium,135.71,App,0,0
O00081,C0004,Passenger,2025-04-17 12:53:00,6,West,Airport,Low,208.38,App,0,1
O00082,C0531,Retail,2024-07-30 03:44:00,12,Central,West,Medium,36.55,App,0,1
O00083,C0215,Medical,2024-10-23 00:23:00,2,Airport,South,Low,127.88,App,0,1
O00084,C0103,Passenger,2025-05-13 06:02:00,4,West,North,High,157.73,Phone,1,1
O00085,C0505,Passenger,2024-03-02 08:19:00,4,North,Riverside,Low,23.13,App,0,1
O00086,C0255,Passenger,2024-07-20 03:44:00,4,Central,Airport,High,66.09,App,0,1
O00087,C0476,Business,2024-11-12 14:07:00,4,South,North,Critical,56.73,Phone,0,1
O00088,C0157,Medical,2024-06-14 10:28:00,24,Riverside,East,Low,101.67,App,0,1
O00089,C0339,Medical,2025-04-24 18:23:00,6,South,North,High,52.58,Web,1,1
O00090,C0490,Business,2024-10-23 05:35:00,4,Riverside,South,Medium,86.48,App,0,1
O00091,C0564,Parcel,2024-03-14 01:00:00,6,West,Airport,Critical,43.61,Web,0,1
O00092,C0268,Retail,2025-04-24 15:05:00,6,South,East,Medium,56.53,Web,0,1
O00093,C0083,Business,2024-12-05 23:36:00,4,Central,West,Low,184.11,Web,0,1
O00094,C0361,Parcel,2024-09-27 03:41:00,6,Airport,North,Medium,62.08,Phone,0,1
O00095,C0378,Medical,2025-05-15 13:31:00,24,South,North,Low,103.06,App,0,1
O00096,C0441,Business,2024-07-13 17:20:00,2,North,West,Critical,153.48,Web,0,1
O00097,C0303,Parcel,2024-01-09 11:58:00,24,Airport,Airport,Medium,72.64,App,1,0
O00098,C0586,Passenger,2024-04-03 20:18:00,1,North,South,Medium,79.53,Phone,0,1
O00099,C0079,Retail,2025-10-04 19:59:00,12,Airport,East,Low,75.64,App,0,1
O00100,C0300,Passenger,2025-10-30 22:16:00,6,Riverside,North,Medium,23.64,Web,0,1
O00101,C0633,Parcel,2025-10-30 07:05:00,24,West,West,Low,42.02,App,0,0
O00102,C0253,Passenger,2024-05-21 23:01:00,2,Central,North,High,146.42,App,0,1
O00103,C0456,Business,2024-01-26 12:53:00,12,South,West,Low,77.37,App,0,1
O00104,C0395,Passenger,2024-05-28 09:23:00,4,East,Central,Medium,34.3,Web,0,1
O00105,C0070,Passenger,2024-07-09 20:33:00,4,North,East,High,18.19,Web,0,1
O00106,C0065,Business,2025-11-29 05:06:00,6,East,Riverside,Low,68.37,App,0,1
O00107,C0205,Medical,2024-11-13 23:39:00,2,Riverside,Central,Low,182.35,App,0,1
O00108,C0046,Medical,2024-11-30 12:11:00,12,West,East,Medium,70.18,App,0,1
O00109,C0427,Medical,2025-10-24 11:20:00,4,West,East,Medium,9.68,App,0,1
O00110,C0446,Passenger,2024-08-23 11:08:00,4,Central,South,Low,72.23,App,0,1
O00111,C0521,Retail,2025-07-18 11:53:00,24,East,Central,Medium,52.06,Web,0,1
O00112,C0051,Passenger,2024-09-16 07:03:00,2,Central,West,Medium,86.44,App,0,1
O00113,C0640,Business,2024-02-12 03:36:00,2,East,North,High,113.54,App,0,1
O00114,C0144,Business,2025-10-05 22:25:00,12,South,Riverside,High,15.52,App,1,1
O00115,C0157,Passenger,2024-02-21 06:31:00,6,East,North,High,256.93,Web,0,1
O00116,C0452,Passenger,2025-03-09 15:46:00,4,North,Airport,Low,56.59,API,0,1
O00117,C0516,Passenger,2024-06-10 09:38:00,12,East,South,Medium,87.81,Phone,0,1
O00118,C0087,Retail,2025-08-18 20:05:00,6,South,South,Medium,74.68,App,0,0
O00119,C0229,Medical,2024-05-25 22:14:00,4,North,North,Low,66.42,App,0,0
O00120,C0182,Passenger,2024-06-16 04:28:00,6,Airport,North,Medium,85.27,Phone,1,1
O00121,C0604,Parcel,2025-10-14 12:05:00,6,East,North,Medium,75.67,App,1,1
O00122,C0597,Medical,2024-02-10 14:30:00,1,Riverside,North,Medium,27.55,App,0,1
O00123,C0649,Retail,2024-07-14 06:46:00,2,West,East,High,21.55,App,0,1
O00124,C0481,Passenger,2025-01-16 00:02:00,24,Central,Airport,Low,34.31,Web,1,1
O00125,C0191,Retail,2025-09-17 16:27:00,24,West,South,Medium,70.05,App,0,1
O00126,C0146,Parcel,2024-05-26 09:04:00,12,Airport,South,Medium,55.22,Web,0,1
O00127,C0572,Parcel,2025-11-08 01:32:00,2,East,North,Medium,171.31,App,0,1
O00128,C0611,Medical,2025-12-28 13:56:00,24,Airport,Airport,Medium,136.66,App,0,0
O00129,C0538,Retail,2024-12-12 02:28:00,12,Central,North,High,63.08,Phone,0,1
O00130,C0259,Passenger,2024-01-10 21:52:00,6,Central,Airport,Medium,77.97,App,0,1
O00131,C0478,Retail,2024-06-29 23:10:00,24,East,West,Medium,14.11,App,0,1
O00132,C0224,Passenger,2025-01-22 09:00:00,2,Central,Central,Medium,11.07,App,0,0
O00133,C0365,Passenger,2025-03-29 18:43:00,24,Airport,North,Medium,128.19,API,1,1
O00134,C0010,Parcel,2024-12-22 18:12:00,4,South,West,Critical,23.34,App,0,1
O00135,C0364,Passenger,2025-04-25 02:34:00,24,Riverside,North,Low,118.96,App,0,1
O00136,C0413,Medical,2024-11-27 16:29:00,1,North,South,High,20.82,App,0,1
O00137,C0295,Parcel,2025-03-14 17:58:00,12,East,South,High,81.5,App,0,1
O00138,C0149,Business,2025-10-02 04:25:00,2,South,Airport,Medium,99.38,Phone,0,1
O00139,C0545,Retail,2025-09-15 19:05:00,2,West,Airport,High,4.22,Web,0,1
O00140,C0621,Passenger,2024-03-02 23:43:00,4,North,North,Low,89.5,App,0,0
O00141,C0605,Business,2024-12-05 19:42:00,1,North,South,High,83.09,Web,0,1
O00142,C0628,Retail,2024-10-31 18:36:00,12,Central,Airport,High,83.93,API,0,1
O00143,C0545,Passenger,2025-03-07 11:30:00,24,Central,Central,Medium,69.38,App,0,0
O00144,C0063,Business,2025-11-03 20:08:00,4,Riverside,Central,High,288.86,App,0,1
O00145,C0595,Business,2024-11-02 10:33:00,12,North,Riverside,Medium,35.95,App,0,1
O00146,C0168,Passenger,2025-10-10 00:54:00,12,East,South,Medium,14.05,Web,0,1
O00147,C0096,Retail,2024-07-12 07:43:00,6,North,West,Critical,32.27,App,0,1
O00148,C0401,Medical,2025-04-03 22:05:00,2,East,East,High,86.3,Phone,0,0
O00149,C0289,Business,2024-05-30 21:37:00,4,West,North,High,31.06,App,0,1
O00150,C0246,Business,2025-01-15 17:37:00,6,West,Riverside,Medium,136.44,Web,0,1
O00151,C0446,Retail,2025-03-02 11:33:00,4,West,East,Medium,179.57,Web,0,1
O00152,C0239,Retail,2024-09-03 18:28:00,24,East,North,Medium,139.65,Web,0,1
O00153,C0378,Parcel,2025-02-09 08:07:00,24,North,Airport,Low,33.01,Web,0,1
O00154,C0535,Business,2024-08-20 05:56:00,12,North,Airport,Low,105.88,Web,1,1
O00155,C0039,Retail,2024-07-26 17:47:00,24,South,Central,Low,155.77,Phone,0,1
O00156,C0035,Parcel,2024-04-24 07:55:00,6,West,North,Medium,68.58,Web,1,1
O00157,C0513,Business,2024-09-16 20:06:00,2,Airport,North,Low,60.52,API,0,1
O00158,C0620,Business,2024-07-11 16:42:00,24,Central,West,High,67.81,Phone,0,1
O00159,C0505,Parcel,2024-09-14 22:31:00,12,North,South,Low,105.17,API,0,1
O00160,C0478,Parcel,2024-08-20 17:29:00,6,Central,East,High,68.1,Web,0,1
O00161,C0025,Parcel,2024-08-19 17:36:00,12,South,Airport,High,123.09,Phone,0,1
O00162,C0476,Business,2025-12-14 03:47:00,12,South,Central,Medium,139.13,App,0,1
O00163,C0583,Parcel,2025-06-09 18:36:00,4,Central,North,Low,67.97,Phone,1,1
O00164,C0622,Parcel,2024-03-23 13:43:00,24,South,Central,Low,211.8,App,0,1
O00165,C0275,Retail,2024-03-16 14:08:00,24,North,Central,Low,122.59,App,0,1
O00166,C0517,Passenger,2025-05-30 17:32:00,4,East,South,Medium,76.66,App,0,1
O00167,C0325,Medical,2024-04-27 20:46:00,24,East,East,Medium,24.78,API,0,0
O00168,C0464,Parcel,2025-06-11 03:29:00,6,Central,Riverside,High,115.35,Web,0,1
O00169,C0399,Retail,2025-12-03 12:34:00,4,East,North,Medium,84.09,App,1,1
O00170,C0005,Business,2024-06-24 06:36:00,4,Airport,Airport,High,58.3,App,1,0
O00171,C0447,Parcel,2025-05-01 02:08:00,1,Airport,Airport,Critical,63.41,App,0,0
O00172,C0343,Passenger,2025-01-17 19:03:00,4,East,West,High,108.19,App,0,1
O00173,C0371,Passenger,2025-02-18 07:03:00,2,Central,Central,Critical,249.32,App,1,0
O00174,C0537,Passenger,2025-01-16 01:00:00,4,Central,North,Low,19.65,Web,0,1
O00175,C0562,Business,2025-12-19 19:13:00,4,Riverside,West,High,150.9,App,0,1
O00176,C0479,Retail,2025-04-15 09:07:00,4,Central,Central,Medium,14.76,Phone,0,0
O00177,C0477,Passenger,2025-12-25 04:27:00,6,North,West,Low,109.36,Web,0,1
O00178,C0287,Medical,2024-03-30 19:55:00,4,East,South,Low,55.9,App,0,1
O00179,C0343,Parcel,2024-07-25 18:07:00,12,Central,Riverside,Medium,52.96,Web,1,1
O00180,C0615,Parcel,2024-12-29 05:23:00,24,Central,North,Low,54.32,Phone,0,1
O00181,C0252,Retail,2024-12-15 23:43:00,2,Airport,Airport,Critical,108.19,API,1,0
O00182,C0258,Passenger,2024-01-12 08:07:00,2,West,West,Medium,109.03,Web,0,0
O00183,C0102,Business,2024-09-02 11:32:00,4,South,Riverside,Critical,11.5,App,0,1
O00184,C0394,Parcel,2025-06-21 11:46:00,2,Central,Riverside,Medium,51.44,API,0,1
O00185,C0482,Retail,2025-05-15 01:52:00,24,East,Central,Low,62.26,Web,0,1
O00186,C0007,Parcel,2025-09-10 11:06:00,1,East,West,Low,7.45,API,0,1
O00187,C0070,Medical,2024-12-30 17:20:00,12,South,East,Medium,49.72,App,0,1
O00188,C0558,Passenger,2025-09-09 03:02:00,4,Riverside,Central,Medium,138.45,App,1,1
O00189,C0388,Parcel,2025-11-22 07:16:00,4,North,North,Low,14.46,App,0,0
O00190,C0622,Parcel,2024-12-28 06:44:00,1,South,North,Medium,31.72,Phone,0,1
O00191,C0641,Parcel,2025-04-02 00:53:00,12,Central,North,Medium,151.09,Phone,1,1
O00192,C0404,Retail,2025-08-18 14:07:00,24,Central,North,High,83.79,App,1,1
O00193,C0114,Business,2024-01-22 15:07:00,4,East,Central,Medium,202.67,App,1,1
O00194,C0191,Passenger,2024-03-16 08:11:00,1,Central,Riverside,Low,92.07,Web,1,1
O00195,C0404,Retail,2024-06-02 17:59:00,12,Central,East,Medium,18.03,App,1,1
O00196,C0314,Retail,2024-10-23 21:42:00,6,Central,Central,High,151.74,App,0,0
O00197,C0420,Retail,2025-01-24 04:37:00,2,North,East,Medium,175.96,Phone,0,1
O00198,C0487,Parcel,2024-09-13 17:44:00,2,West,Central,Low,21.51,Web,0,1
O00199,C0595,Retail,2024-10-02 14:00:00,12,North,North,High,62.65,App,0,0
O00200,C0060,Passenger,2024-01-26 10:09:00,4,Central,Riverside,High,94.52,App,0,1
O00201,C0486,Passenger,2025-05-13 16:30:00,4,North,South,Medium,118.29,Web,0,1
O00202,C0449,Passenger,2024-02-02 01:04:00,1,South,West,Low,20.68,Web,0,1
O00203,C0336,Business,2024-07-05 19:52:00,6,Central,Airport,High,84.76,Web,0,1
O00204,C0355,Passenger,2025-10-22 21:38:00,12,Airport,West,High,61.59,App,0,1
O00205,C0246,Parcel,2025-02-05 15:10:00,6,North,South,Medium,63.36,App,1,1
O00206,C0255,Parcel,2025-12-10 14:25:00,4,South,East,Low,20.86,App,1,1
O00207,C0023,Business,2024-08-22 19:33:00,6,Central,Riverside,Medium,80.33,App,0,1
O00208,C0359,Passenger,2024-03-18 11:21:00,2,West,Riverside,High,90.19,Phone,1,1
O00209,C0201,Retail,2025-06-24 06:19:00,4,Airport,Riverside,Critical,178.55,App,1,1
O00210,C0347,Parcel,2024-05-14 18:39:00,4,East,West,High,106.23,Phone,0,1
O00211,C0488,Business,2024-02-14 06:10:00,6,Airport,East,Medium,43.29,App,1,1
O00212,C0121,Parcel,2025-01-04 23:29:00,4,East,Central,High,128.36,API,0,1
O00213,C0512,Parcel,2024-12-05 18:29:00,12,West,Riverside,Low,161.85,Phone,1,1
O00214,C0088,Business,2025-02-01 11:20:00,2,East,East,High,102.83,App,0,0
O00215,C0341,Business,2024-01-07 10:37:00,1,West,West,Medium,84.03,Phone,1,0
O00216,C0629,Retail,2025-05-10 10:14:00,4,North,West,Critical,220.83,App,0,1
O00217,C0331,Retail,2024-01-22 07:29:00,24,Airport,Airport,Medium,40.42,Phone,1,0
O00218,C0154,Passenger,2025-09-15 01:40:00,2,North,West,Critical,77.97,App,0,1
O00219,C0421,Passenger,2024-05-29 23:42:00,2,East,South,Medium,62.84,App,0,1
O00220,C0428,Medical,2024-05-27 08:24:00,6,Central,West,Low,136.63,Phone,0,1
O00221,C0298,Parcel,2024-10-06 02:32:00,12,South,Airport,Medium,16.07,Phone,0,1
O00222,C0266,Parcel,2024-09-25 11:36:00,4,Riverside,West,High,27.35,Phone,0,1
O00223,C0172,Retail,2025-08-10 16:37:00,4,Central,Airport,High,178.85,Web,0,1
O00224,C0045,Parcel,2024-05-22 22:02:00,24,North,Central,High,46.15,App,1,1
O00225,C0290,Retail,2025-07-28 03:55:00,1,Riverside,Riverside,Medium,25.8,App,0,0
O00226,C0292,Parcel,2024-07-23 13:40:00,24,East,North,Medium,63.79,App,0,1
O00227,C0174,Business,2025-08-08 20:06:00,4,Airport,North,Medium,21.79,App,0,1
O00228,C0242,Parcel,2025-01-06 09:50:00,6,East,Airport,High,87.21,Web,0,1
O00229,C0335,Passenger,2024-08-31 04:43:00,6,Central,Riverside,Medium,33.48,App,0,1
O00230,C0533,Passenger,2024-03-14 09:48:00,1,Central,North,Low,25.84,App,1,1
O00231,C0250,Passenger,2024-12-15 23:23:00,6,East,South,Low,69.44,App,0,1
O00232,C0533,Retail,2025-06-05 20:15:00,6,Riverside,Central,Medium,122.94,API,1,1
O00233,C0252,Parcel,2024-12-24 17:45:00,1,Riverside,South,High,100.64,Phone,1,1
O00234,C0145,Parcel,2025-02-19 10:03:00,6,South,Riverside,Low,42.01,Web,0,1
O00235,C0502,Retail,2025-12-22 10:42:00,2,Central,Central,Medium,27.53,Phone,0,0
O00236,C0429,Business,2024-11-26 15:32:00,2,East,South,Medium,118.24,App,0,1
O00237,C0431,Parcel,2025-01-11 07:51:00,24,Riverside,South,Low,19.51,Web,0,1
O00238,C0141,Parcel,2024-08-28 11:09:00,4,South,West,Critical,192.22,Phone,1,1
O00239,C0399,Parcel,2024-05-18 06:00:00,4,Central,Central,Low,31.43,App,0,0
O00240,C0289,Passenger,2025-11-18 14:25:00,2,East,Airport,Low,71.85,App,0,1
O00241,C0117,Parcel,2025-04-01 12:36:00,2,West,North,Low,99.3,App,1,1
O00242,C0587,Retail,2024-11-05 05:37:00,1,Central,West,High,42.77,App,0,1
O00243,C0153,Passenger,2024-03-08 04:19:00,6,South,West,Low,64.73,Phone,0,1
O00244,C0519,Passenger,2024-11-11 08:46:00,1,North,Riverside,Medium,225.95,API,0,1
O00245,C0096,Parcel,2025-08-08 17:42:00,4,South,South,Low,21.06,App,1,0
O00246,C0023,Parcel,2024-12-14 02:58:00,4,East,Riverside,Medium,68.11,Web,0,1
O00247,C0613,Parcel,2024-07-13 18:59:00,4,East,South,High,124.3,App,0,1
O00248,C0153,Passenger,2024-03-22 18:11:00,4,South,Airport,Medium,16.18,Phone,0,1
O00249,C0566,Business,2024-11-07 18:22:00,2,Central,West,Critical,218.68,App,0,1
O00250,C0300,Passenger,2025-04-24 11:49:00,24,Central,North,Medium,9.42,App,0,1
O00251,C0581,Parcel,2025-12-07 13:46:00,1,Riverside,South,Medium,42.45,App,0,1
O00252,C0232,Parcel,2024-03-10 15:20:00,1,East,North,Low,66.88,Phone,0,1
O00253,C0543,Retail,2024-06-28 08:57:00,4,Central,West,High,144.86,Web,0,1
O00254,C0097,Parcel,2024-09-20 17:01:00,4,North,West,Medium,115.81,App,0,1
O00255,C0225,Retail,2024-06-17 20:17:00,12,South,Central,Critical,139.77,Phone,0,1
O00256,C0564,Retail,2024-08-30 22:01:00,6,North,North,High,131.08,App,0,0
O00257,C0128,Passenger,2024-08-11 01:25:00,6,South,North,Critical,87.95,Phone,1,1
O00258,C0107,Business,2025-04-03 06:57:00,4,Central,West,Low,98.81,App,0,1
O00259,C0122,Retail,2025-09-09 09:55:00,24,South,East,High,172.55,App,1,1
O00260,C0597,Parcel,2025-05-28 20:06:00,6,Central,Riverside,Low,198.61,App,1,1
O00261,C0003,Passenger,2024-07-20 07:46:00,12,West,East,Low,165.8,App,0,1
O00262,C0265,Passenger,2024-02-28 04:38:00,6,Central,Central,High,151.47,Phone,1,0
O00263,C0031,Parcel,2024-02-19 02:04:00,2,West,Central,Low,63.35,App,0,1
O00264,C0633,Business,2025-08-12 10:46:00,6,East,Airport,Medium,113.96,App,1,1
O00265,C0244,Parcel,2024-05-19 00:12:00,4,Riverside,South,Medium,20.51,App,0,1
O00266,C0345,Business,2024-10-04 17:41:00,2,Central,North,High,41.27,App,1,1
O00267,C0256,Parcel,2024-01-16 20:20:00,6,Airport,North,Low,98.71,App,0,1
O00268,C0475,Medical,2024-01-29 06:20:00,4,West,West,Medium,71.4,App,1,0
O00269,C0175,Passenger,2024-11-30 23:01:00,6,North,Riverside,Medium,19.29,App,0,1
O00270,C0561,Business,2025-10-26 15:25:00,4,West,Central,Medium,140.61,App,1,1
O00271,C0381,Passenger,2025-09-16 21:51:00,4,West,Central,Critical,192.54,App,0,1
O00272,C0647,Retail,2024-12-11 05:03:00,24,Riverside,Central,Medium,55.63,App,0,1
O00273,C0642,Retail,2025-02-28 01:05:00,24,Central,West,Medium,16.14,App,0,1
O00274,C0086,Passenger,2025-10-03 19:21:00,24,North,West,High,90.93,App,1,1
O00275,C0473,Business,2025-05-21 19:25:00,6,South,East,Medium,142.68,App,0,1
O00276,C0442,Parcel,2024-09-20 14:55:00,6,Central,East,Medium,61.64,App,0,1
O00277,C0329,Passenger,2024-01-14 00:59:00,6,West,Central,Medium,107.13,Phone,0,1
O00278,C0183,Passenger,2024-11-20 18:41:00,12,Central,North,High,32.25,Phone,0,1
O00279,C0246,Business,2024-11-16 01:26:00,12,West,Riverside,Medium,61.44,App,0,1
O00280,C0206,Passenger,2025-09-20 22:46:00,12,East,Airport,Critical,151.49,App,1,1
O00281,C0437,Passenger,2024-12-03 05:05:00,4,Airport,North,Low,47.49,Web,0,1
O00282,C0630,Parcel,2024-01-20 04:13:00,6,South,West,Medium,207.38,Web,0,1
O00283,C0430,Business,2024-05-26 16:49:00,6,North,West,Medium,177.07,App,0,1
O00284,C0363,Passenger,2024-04-02 11:52:00,24,North,Airport,High,116.68,Phone,0,1
O00285,C0180,Business,2025-01-05 13:22:00,4,North,North,High,106.65,App,0,0
O00286,C0402,Business,2025-07-05 21:37:00,6,West,East,Low,84.75,App,0,1
O00287,C0201,Retail,2025-07-22 04:42:00,1,West,Airport,Low,68.14,Phone,0,1
O00288,C0542,Medical,2025-09-08 18:21:00,4,South,Central,Low,56.47,App,0,1
O00289,C0574,Parcel,2024-08-23 23:39:00,24,North,East,High,20.53,App,0,1
O00290,C0028,Medical,2024-09-21 22:30:00,2,Central,West,High,54.76,App,0,1
O00291,C0198,Business,2024-02-02 20:19:00,4,Airport,South,Low,116.22,Web,0,1
O00292,C0060,Parcel,2025-10-29 17:45:00,12,Central,West,Medium,59.59,App,0,1
O00293,C0165,Parcel,2025-04-09 17:17:00,6,Central,East,Critical,67.89,App,0,1
O00294,C0486,Parcel,2025-01-05 16:33:00,1,Airport,Airport,Low,82.04,App,0,0
O00295,C0123,Passenger,2024-10-07 04:16:00,2,East,North,Medium,45.46,App,0,1
O00296,C0400,Retail,2024-01-10 17:30:00,6,South,North,Medium,10.85,App,0,1
O00297,C0560,Passenger,2024-04-12 20:51:00,6,Airport,Riverside,Low,151.53,Web,0,1
O00298,C0184,Parcel,2025-01-06 04:40:00,4,West,North,Low,28.65,Web,0,1
O00299,C0566,Retail,2024-08-21 12:48:00,6,South,Central,Low,172.53,API,0,1
O00300,C0512,Retail,2024-04-02 00:39:00,4,Riverside,South,Low,33.34,App,1,1
O00301,C0181,Business,2024-05-17 03:03:00,6,East,Riverside,Medium,63.32,App,0,1
O00302,C0558,Retail,2025-07-10 16:13:00,24,Riverside,Central,High,228.25,Web,0,1
O00303,C0514,Retail,2025-07-22 05:16:00,4,Central,South,Medium,48.67,Web,0,1
O00304,C0253,Passenger,2025-09-12 11:47:00,12,East,Riverside,High,134.68,App,0,1
O00305,C0322,Parcel,2024-06-01 05:55:00,24,Riverside,Airport,Low,46.14,Phone,0,1
O00306,C0613,Passenger,2024-06-14 16:01:00,4,North,North,Low,42.22,Phone,0,0
O00307,C0343,Parcel,2024-12-25 22:15:00,4,East,Riverside,Low,73.14,App,0,1
O00308,C0458,Passenger,2025-03-28 15:13:00,12,Airport,West,Medium,100.44,API,0,1
O00309,C0073,Parcel,2025-10-13 11:57:00,1,South,Airport,Medium,175.54,Phone,0,1
O00310,C0094,Retail,2025-02-02 14:13:00,24,Central,West,High,28.08,App,0,1
O00311,C0215,Medical,2024-11-27 00:06:00,12,Central,South,High,167.59,Phone,0,1
O00312,C0164,Passenger,2025-11-06 23:00:00,6,East,East,Medium,124.24,App,0,0
O00313,C0616,Medical,2024-03-08 20:58:00,24,South,North,Low,11.11,App,0,1
O00314,C0626,Medical,2025-02-15 21:55:00,6,East,East,High,39.37,Web,0,0
O00315,C0494,Parcel,2024-12-25 01:14:00,4,North,South,Low,159.29,App,0,1
O00316,C0094,Medical,2025-07-31 12:26:00,6,West,West,Low,53.63,App,0,0
O00317,C0094,Passenger,2025-01-19 21:40:00,6,Riverside,West,High,236.09,App,1,1
O00318,C0009,Retail,2024-08-17 00:16:00,6,Riverside,South,Low,84.27,Web,1,1
O00319,C0335,Business,2024-01-22 08:45:00,24,Central,Airport,Low,124.48,App,0,1
O00320,C0519,Parcel,2025-03-20 07:14:00,1,Central,West,High,97.13,Phone,0,1
O00321,C0016,Medical,2024-12-28 06:20:00,4,Central,West,Medium,97.42,Web,0,1
O00322,C0495,Business,2025-03-11 20:17:00,4,Central,South,High,61.55,App,0,1
O00323,C0487,Retail,2024-11-01 15:13:00,4,South,North,Low,22.09,Phone,0,1
O00324,C0019,Passenger,2025-08-06 05:30:00,1,South,Riverside,High,131.3,App,1,1
O00325,C0259,Passenger,2024-09-30 04:52:00,2,North,South,Medium,70.71,Web,0,1
O00326,C0178,Passenger,2024-11-03 09:05:00,12,West,West,Medium,242.48,Web,0,0
O00327,C0435,Retail,2024-12-05 00:31:00,4,North,North,Low,90.61,API,0,0
O00328,C0491,Business,2024-09-12 05:20:00,2,East,South,Medium,37.78,App,0,1
O00329,C0278,Parcel,2025-11-30 19:38:00,6,Central,South,Medium,7.02,Web,1,1
O00330,C0172,Medical,2025-04-08 06:37:00,1,West,Riverside,Medium,49.61,Web,0,1
O00331,C0399,Parcel,2024-02-23 06:54:00,6,Riverside,East,Medium,36.77,App,0,1
O00332,C0110,Business,2025-01-04 01:49:00,12,North,Riverside,Medium,93.33,Phone,0,1
O00333,C0123,Medical,2025-03-25 05:27:00,6,East,Central,Medium,71.97,App,0,1
O00334,C0500,Parcel,2024-05-23 09:43:00,4,Riverside,South,High,62.54,API,0,1
O00335,C0482,Passenger,2024-01-26 03:09:00,24,North,Airport,High,227.61,API,1,1
O00336,C0115,Retail,2024-01-10 04:58:00,6,West,Central,Critical,108.38,App,0,1
O00337,C0463,Retail,2024-11-05 04:32:00,6,West,Airport,Critical,68.13,App,1,1
O00338,C0648,Passenger,2024-12-26 03:48:00,6,Riverside,Riverside,Medium,38.31,App,0,0
O00339,C0301,Medical,2024-06-21 14:43:00,2,Airport,North,High,238.92,Web,0,1
O00340,C0127,Retail,2025-02-10 02:26:00,2,Central,Airport,High,89.8,App,0,1
O00341,C0026,Retail,2024-12-13 20:58:00,4,Riverside,East,Medium,36.59,App,0,1
O00342,C0643,Passenger,2025-11-12 22:25:00,6,North,South,Low,187.9,Web,0,1
O00343,C0184,Business,2024-12-09 01:37:00,2,Central,South,Medium,81.36,App,0,1
O00344,C0594,Parcel,2024-08-28 06:50:00,6,Central,North,Medium,104.62,API,1,1
O00345,C0337,Retail,2025-10-04 22:00:00,6,East,Central,High,27.35,Phone,0,1
O00346,C0500,Retail,2024-02-08 04:32:00,2,Riverside,East,Medium,84.74,App,0,1
O00347,C0004,Parcel,2025-09-01 07:36:00,12,South,South,Medium,78.58,App,0,0
O00348,C0372,Parcel,2025-03-16 22:06:00,2,North,South,High,58.25,Web,0,1
O00349,C0161,Business,2024-01-21 01:57:00,2,North,Central,Medium,55.21,API,0,1
O00350,C0197,Retail,2024-11-20 02:56:00,4,East,West,High,13.42,App,0,1
O00351,C0259,Parcel,2024-04-22 03:31:00,1,Airport,West,Medium,20.77,Web,1,1
O00352,C0097,Parcel,2024-05-19 16:27:00,4,Airport,North,Low,271.29,App,0,1
O00353,C0354,Business,2024-01-03 05:14:00,4,West,Airport,Low,135.85,Phone,0,1
O00354,C0154,Parcel,2025-12-02 17:09:00,2,East,Riverside,Low,78.37,Web,0,1
O00355,C0006,Passenger,2025-10-10 23:34:00,4,Riverside,Riverside,Medium,59.47,App,0,0
O00356,C0430,Medical,2025-05-27 03:33:00,4,Riverside,Airport,Medium,64.6,App,0,1
O00357,C0608,Retail,2024-12-28 15:58:00,2,Central,South,Medium,171.28,Phone,0,1
O00358,C0273,Passenger,2024-03-20 11:13:00,4,Riverside,Central,Low,94.51,App,0,1
O00359,C0048,Passenger,2024-08-17 23:04:00,24,East,Central,High,134.58,Web,0,1
O00360,C0506,Passenger,2024-10-06 22:11:00,1,Central,Central,High,111.56,App,0,0
O00361,C0345,Business,2024-01-16 08:17:00,1,East,South,Low,256.22,App,0,1
O00362,C0586,Medical,2024-03-11 01:12:00,4,Central,Riverside,High,43.69,Phone,0,1
O00363,C0230,Passenger,2025-06-04 01:26:00,4,Riverside,South,High,35.91,App,1,1
O00364,C0354,Medical,2025-07-23 11:17:00,12,West,Central,Critical,114.81,App,0,1
O00365,C0237,Medical,2024-01-11 10:44:00,4,East,West,Low,21.18,Phone,1,1
O00366,C0592,Business,2024-02-12 20:29:00,24,Central,South,High,52.46,App,0,1
O00367,C0162,Passenger,2025-07-11 09:35:00,4,South,North,High,46.71,Phone,0,1
O00368,C0552,Business,2024-12-04 22:26:00,4,Central,North,High,89.38,App,1,1
O00369,C0093,Business,2024-10-02 12:27:00,6,Central,Riverside,Medium,70.75,Phone,0,1
O00370,C0021,Parcel,2024-11-21 17:26:00,4,South,South,High,74.04,Phone,0,0
O00371,C0530,Business,2025-01-27 04:24:00,4,North,North,Medium,73.83,Web,1,0
O00372,C0536,Parcel,2025-01-29 13:51:00,2,South,Riverside,Low,57.99,App,1,1
O00373,C0372,Parcel,2024-05-26 20:00:00,24,North,Central,Medium,95.4,App,0,1
O00374,C0343,Parcel,2024-09-01 19:32:00,24,North,Riverside,Medium,93.34,Web,0,1
O00375,C0012,Medical,2024-09-17 22:39:00,4,Central,East,High,150.39,Phone,0,1
O00376,C0286,Passenger,2025-01-21 07:52:00,12,North,West,Critical,33.38,API,0,1
O00377,C0131,Retail,2024-07-22 21:07:00,12,Airport,East,Medium,213.06,App,1,1
O00378,C0485,Retail,2024-03-29 19:50:00,6,North,North,High,172.56,Web,1,0
O00379,C0648,Parcel,2024-02-04 22:03:00,4,North,East,Medium,52.58,Web,0,1
O00380,C0057,Passenger,2025-02-19 22:35:00,6,North,North,Low,95.96,App,0,0
O00381,C0420,Parcel,2024-11-28 21:41:00,24,East,West,Low,67.67,Web,0,1
O00382,C0463,Retail,2025-03-29 17:42:00,6,Central,Riverside,High,54.18,API,0,1
O00383,C0442,Retail,2024-11-19 14:36:00,4,West,East,Critical,109.08,App,0,1
O00384,C0469,Medical,2024-01-01 15:47:00,4,Central,Central,Low,12.58,Web,0,0
O00385,C0646,Passenger,2025-10-24 15:32:00,4,Riverside,Riverside,Medium,226.69,Phone,0,0
O00386,C0250,Medical,2024-12-16 18:34:00,6,Central,Central,Medium,95.67,Web,0,0
O00387,C0470,Passenger,2025-01-24 07:52:00,1,South,East,High,107.34,Phone,0,1
O00388,C0292,Retail,2025-10-06 23:55:00,4,North,Riverside,High,66.17,App,0,1
O00389,C0361,Passenger,2025-01-22 11:45:00,4,Central,Riverside,Low,65.05,App,0,1
O00390,C0150,Passenger,2024-03-06 12:33:00,6,North,North,Medium,42.46,Web,0,0
O00391,C0541,Retail,2024-09-29 19:42:00,1,West,Riverside,High,12.76,API,0,1
O00392,C0356,Retail,2025-11-24 10:04:00,6,East,Riverside,Medium,73.04,App,0,1
O00393,C0573,Parcel,2025-10-05 17:42:00,4,Central,East,Low,64.93,Web,0,1
O00394,C0479,Retail,2024-08-16 19:48:00,12,Airport,West,Medium,71.08,App,1,1
O00395,C0060,Passenger,2024-09-28 08:58:00,1,West,East,Medium,20.16,Web,0,1
O00396,C0475,Retail,2025-04-29 23:22:00,12,Central,East,Medium,63.67,App,0,1
O00397,C0417,Parcel,2025-06-18 18:30:00,12,Airport,South,Medium,42.94,App,1,1
O00398,C0382,Business,2025-08-07 07:09:00,4,East,Airport,Medium,56.33,App,0,1
O00399,C0644,Parcel,2024-03-08 16:23:00,4,Central,Airport,Low,30.74,App,0,1
O00400,C0426,Retail,2025-06-20 06:33:00,6,North,East,High,145.15,Web,1,1
O00401,C0252,Medical,2024-06-22 11:15:00,24,East,Airport,Low,28.61,Web,0,1
O00402,C0104,Retail,2025-11-20 05:09:00,4,West,East,Medium,121.87,App,1,1
O00403,C0573,Business,2025-11-08 14:11:00,4,Riverside,Airport,Critical,44.48,API,1,1
O00404,C0139,Passenger,2025-10-17 20:55:00,1,South,Airport,Medium,213.39,Phone,0,1
O00405,C0055,Business,2024-02-14 10:24:00,6,Central,Riverside,Critical,142.88,App,0,1
O00406,C0631,Retail,2025-01-05 13:07:00,2,Airport,Riverside,Critical,59.17,App,0,1
O00407,C0575,Medical,2025-02-23 04:44:00,12,West,Central,High,189.02,Web,0,1
O00408,C0446,Parcel,2024-09-14 12:06:00,24,North,West,High,58.75,App,0,1
O00409,C0065,Passenger,2025-01-08 11:42:00,6,South,North,Medium,38.48,App,0,1
O00410,C0174,Medical,2025-06-19 16:19:00,1,East,West,Medium,39.34,Phone,1,1
O00411,C0497,Business,2025-04-08 21:05:00,4,Central,Central,Medium,71.11,App,0,0
O00412,C0601,Passenger,2024-10-08 12:18:00,6,North,Airport,Critical,54.76,App,0,1
O00413,C0183,Passenger,2025-04-01 22:07:00,4,Airport,North,Low,35.52,App,0,1
O00414,C0023,Parcel,2025-04-05 20:30:00,6,South,West,Medium,283.98,App,0,1
O00415,C0591,Retail,2024-06-27 16:09:00,4,Central,Riverside,Medium,19.76,App,0,1
O00416,C0552,Medical,2024-01-07 21:08:00,2,Airport,Airport,High,26.83,App,0,0
O00417,C0486,Retail,2025-01-10 15:33:00,4,South,Riverside,Low,113.56,App,0,1
O00418,C0467,Passenger,2025-11-07 07:39:00,12,Riverside,South,Critical,46.83,Web,0,1
O00419,C0013,Retail,2025-01-14 16:21:00,24,West,East,Medium,187.6,App,0,1
O00420,C0506,Business,2025-01-25 08:01:00,4,Riverside,East,Low,40.04,Phone,0,1
O00421,C0599,Parcel,2025-07-23 06:00:00,24,Riverside,East,Medium,37.25,App,0,1
O00422,C0034,Passenger,2025-08-07 08:03:00,6,Central,West,Medium,15.05,App,0,1
O00423,C0403,Passenger,2025-08-27 05:19:00,2,South,Riverside,High,189.36,Phone,0,1
O00424,C0563,Business,2025-07-11 08:58:00,12,Riverside,West,Medium,43.18,App,0,1
O00425,C0550,Passenger,2024-11-27 08:15:00,4,Airport,East,High,78.8,Web,0,1
O00426,C0383,Business,2024-09-28 14:05:00,2,Riverside,Riverside,Low,82.0,Web,0,0
O00427,C0151,Parcel,2025-06-21 20:31:00,1,Central,West,Medium,166.06,App,0,1
O00428,C0275,Medical,2024-03-31 06:08:00,1,West,Airport,High,72.42,Web,0,1
O00429,C0466,Passenger,2025-03-09 09:39:00,1,Riverside,South,Medium,20.27,App,0,1
O00430,C0029,Retail,2025-01-15 01:45:00,12,Central,South,Medium,40.49,API,0,1
O00431,C0425,Retail,2025-03-29 12:23:00,4,South,Riverside,Medium,24.45,App,0,1
O00432,C0648,Retail,2024-02-12 22:48:00,4,Central,West,High,158.21,Web,0,1
O00433,C0633,Retail,2024-10-29 13:27:00,12,Central,Central,Medium,85.59,Phone,0,0
O00434,C0500,Parcel,2025-10-25 19:51:00,1,Airport,Riverside,High,45.89,App,0,1
O00435,C0102,Retail,2024-09-19 11:15:00,4,South,Central,Medium,47.28,Phone,1,1
O00436,C0218,Medical,2025-01-29 18:08:00,1,Airport,North,Critical,56.57,Web,0,1
O00437,C0618,Retail,2025-09-25 06:54:00,4,Airport,Riverside,Medium,98.88,App,0,1
O00438,C0491,Business,2025-12-29 18:23:00,4,North,West,Low,27.39,Phone,0,1
O00439,C0577,Medical,2024-03-05 21:13:00,1,North,Central,High,53.87,Web,0,1
O00440,C0032,Passenger,2024-12-03 02:05:00,12,East,East,High,56.81,App,0,0
O00441,C0509,Passenger,2025-04-01 12:25:00,12,East,Central,Critical,77.58,App,0,1
O00442,C0080,Business,2025-06-22 13:31:00,4,Central,West,High,81.32,API,1,1
O00443,C0378,Parcel,2025-10-20 00:06:00,12,North,Riverside,Medium,63.8,App,1,1
O00444,C0319,Retail,2025-08-30 18:29:00,4,West,Airport,Medium,23.99,Phone,0,1
O00445,C0054,Passenger,2025-04-18 22:53:00,2,South,Riverside,High,68.98,App,0,1
O00446,C0172,Passenger,2025-03-22 13:30:00,12,Airport,East,Medium,233.36,Web,0,1
O00447,C0082,Retail,2024-06-29 02:28:00,1,West,East,Medium,24.57,Phone,0,1
O00448,C0487,Medical,2025-02-11 15:08:00,4,Central,North,Low,68.78,Web,0,1
O00449,C0544,Passenger,2025-06-08 00:42:00,2,North,Airport,Low,102.53,App,0,1
O00450,C0527,Retail,2024-08-25 23:12:00,2,Riverside,Riverside,Low,31.33,App,0,0
O00451,C0012,Retail,2025-02-15 17:02:00,12,East,Riverside,Critical,97.23,Phone,0,1
O00452,C0583,Passenger,2025-11-27 09:35:00,2,Central,Central,Medium,56.63,Phone,1,0
O00453,C0224,Retail,2024-12-04 12:49:00,6,South,West,Medium,27.48,Phone,0,1
O00454,C0251,Medical,2025-04-15 03:05:00,12,West,North,Medium,51.66,App,0,1
O00455,C0178,Passenger,2024-08-14 02:36:00,6,Airport,Airport,High,144.79,App,0,0
O00456,C0124,Parcel,2024-01-16 03:31:00,2,East,Riverside,High,87.85,App,0,1
O00457,C0396,Parcel,2024-03-31 06:36:00,12,East,East,Medium,123.49,App,0,0
O00458,C0546,Parcel,2025-04-10 01:52:00,12,Central,East,High,87.24,API,0,1
O00459,C0478,Retail,2025-11-28 06:45:00,24,South,South,Low,203.99,App,0,0
O00460,C0097,Passenger,2024-12-09 15:55:00,4,Central,North,Low,72.35,Web,0,1
O00461,C0153,Passenger,2024-02-26 17:44:00,4,West,East,Critical,55.94,Web,0,1
O00462,C0381,Parcel,2025-03-03 18:08:00,6,Riverside,East,Medium,55.77,App,0,1
O00463,C0370,Medical,2025-02-20 01:55:00,2,East,Central,Low,96.83,App,0,1
O00464,C0063,Parcel,2025-10-03 04:20:00,2,South,East,Critical,51.61,Phone,0,1
O00465,C0149,Medical,2024-12-08 06:33:00,2,East,North,Low,20.53,App,0,1
O00466,C0028,Business,2024-01-07 05:34:00,6,West,Airport,High,88.87,Web,0,1
O00467,C0612,Passenger,2024-10-08 16:16:00,2,North,South,High,193.9,Web,0,1
O00468,C0062,Retail,2024-03-29 10:24:00,2,East,South,Medium,22.82,App,0,1
O00469,C0186,Parcel,2024-09-18 21:54:00,4,East,East,Low,92.55,App,0,0
O00470,C0265,Business,2024-11-01 17:25:00,12,East,East,Low,131.93,Web,0,0
O00471,C0346,Passenger,2025-06-07 13:43:00,6,East,Airport,Medium,69.38,Web,0,1
O00472,C0636,Parcel,2024-02-22 09:19:00,4,South,Riverside,Medium,287.3,Web,0,1
O00473,C0266,Medical,2024-09-11 12:51:00,2,East,Airport,High,40.6,App,1,1
O00474,C0029,Medical,2025-03-22 17:16:00,2,Airport,Central,Medium,283.42,Phone,0,1
O00475,C0498,Passenger,2024-11-08 06:08:00,24,Central,West,High,156.78,App,0,1
O00476,C0078,Passenger,2024-02-23 06:34:00,24,West,East,Low,89.17,App,0,1
O00477,C0441,Passenger,2025-10-29 11:59:00,2,West,Central,Medium,189.25,Phone,0,1
O00478,C0521,Medical,2025-04-20 21:31:00,2,West,South,Critical,160.09,App,0,1
O00479,C0226,Retail,2025-12-27 18:09:00,12,Central,North,Low,87.76,App,0,1
O00480,C0088,Passenger,2025-01-09 10:12:00,6,East,West,Low,51.54,Phone,0,1
O00481,C0010,Retail,2025-04-12 22:35:00,1,South,West,Medium,10.74,API,1,1
O00482,C0268,Retail,2025-11-10 01:46:00,6,East,West,Medium,114.62,Phone,0,1
O00483,C0285,Business,2024-11-17 00:34:00,1,Riverside,North,Medium,117.11,Phone,0,1
O00484,C0152,Parcel,2024-03-10 13:36:00,24,East,Riverside,Critical,134.61,App,0,1
O00485,C0168,Passenger,2024-11-27 01:17:00,1,North,Central,High,95.19,API,0,1
O00486,C0316,Retail,2024-08-12 14:18:00,2,Central,North,High,50.89,App,0,1
O00487,C0263,Passenger,2024-07-24 22:13:00,4,Riverside,West,Medium,57.27,Phone,0,1
O00488,C0050,Medical,2025-08-29 19:29:00,4,North,South,Low,111.27,Phone,0,1
O00489,C0483,Medical,2025-02-19 23:28:00,24,Central,East,Medium,41.11,Web,1,1
O00490,C0562,Retail,2024-07-27 06:03:00,4,North,South,Low,73.56,App,0,1
O00491,C0460,Business,2024-07-03 13:54:00,1,South,West,Critical,41.62,App,1,1
O00492,C0243,Retail,2025-10-16 03:03:00,6,West,South,Critical,70.04,App,0,1
O00493,C0370,Parcel,2024-05-20 02:52:00,6,East,North,Critical,55.91,Web,0,1
O00494,C0304,Parcel,2025-09-02 15:11:00,1,East,Airport,Medium,50.08,App,0,1
O00495,C0590,Passenger,2024-01-15 23:35:00,6,East,South,Low,133.15,App,0,1
O00496,C0627,Passenger,2024-06-17 15:14:00,4,South,Airport,Critical,117.66,App,0,1
O00497,C0631,Medical,2025-11-21 23:43:00,12,South,Central,Low,169.24,App,0,1
O00498,C0081,Retail,2024-10-28 06:34:00,4,South,Central,Medium,68.95,Web,0,1
O00499,C0198,Passenger,2024-06-11 04:49:00,4,East,Central,Medium,62.77,Phone,0,1
O00500,C0131,Retail,2024-07-30 16:06:00,12,North,West,Low,64.83,App,0,1
O00501,C0547,Retail,2025-04-21 03:12:00,1,Central,East,Low,36.69,Web,1,1
O00502,C0169,Parcel,2024-04-03 01:26:00,4,Riverside,South,Medium,61.9,App,0,1
O00503,C0242,Passenger,2024-08-17 21:53:00,6,Central,Riverside,Low,41.14,Web,0,1
O00504,C0362,Parcel,2024-09-20 22:57:00,2,Central,East,Low,47.18,App,0,1
O00505,C0319,Retail,2025-03-29 21:27:00,12,Airport,West,High,84.65,Web,0,1
O00506,C0603,Retail,2024-06-07 01:59:00,6,East,East,Medium,33.03,Phone,0,0
O00507,C0484,Parcel,2025-12-13 04:02:00,4,South,West,Medium,62.89,App,0,1
O00508,C0584,Parcel,2024-06-12 14:18:00,24,North,Central,Medium,68.61,Phone,0,1
O00509,C0535,Retail,2024-08-26 18:51:00,1,East,Central,Medium,160.38,Phone,0,1
O00510,C0477,Medical,2024-11-22 22:35:00,4,West,West,Medium,170.3,App,0,0
O00511,C0119,Parcel,2024-06-06 09:58:00,24,West,West,High,150.89,API,0,0
O00512,C0242,Parcel,2024-09-21 10:35:00,4,North,Central,Critical,10.74,App,0,1
O00513,C0202,Passenger,2024-08-07 04:51:00,4,West,South,High,111.28,Phone,1,1
O00514,C0280,Passenger,2025-11-12 07:25:00,2,East,Central,Low,126.79,Phone,0,1
O00515,C0578,Retail,2024-02-03 10:24:00,6,North,North,Medium,65.74,Phone,0,0
O00516,C0473,Passenger,2024-06-08 20:18:00,2,South,East,Medium,117.13,App,0,1
O00517,C0015,Medical,2024-08-16 20:34:00,4,South,West,Low,49.24,App,0,1
O00518,C0112,Medical,2025-12-11 02:12:00,12,North,East,High,61.85,Web,0,1
O00519,C0437,Passenger,2025-04-20 04:46:00,2,South,Riverside,Low,47.89,Phone,0,1
O00520,C0539,Passenger,2024-07-07 13:21:00,2,Central,Airport,Low,36.42,App,0,1
O00521,C0109,Parcel,2025-11-26 12:07:00,1,Airport,South,High,76.48,Web,0,1
O00522,C0594,Passenger,2024-02-09 11:07:00,24,Riverside,Central,Medium,152.25,Phone,0,1
O00523,C0181,Medical,2025-11-04 06:41:00,6,Airport,Airport,Low,82.31,Web,1,0
O00524,C0052,Passenger,2025-06-20 16:04:00,4,Airport,Riverside,Medium,40.41,App,1,1
O00525,C0223,Parcel,2024-10-24 15:22:00,1,South,Airport,High,29.46,App,0,1
O00526,C0630,Parcel,2024-01-19 15:56:00,4,Airport,West,Low,69.63,App,0,1
O00527,C0203,Parcel,2024-04-05 06:31:00,6,South,Airport,Medium,65.29,App,1,1
O00528,C0152,Passenger,2024-10-13 09:38:00,12,Central,Central,Medium,126.48,App,0,0
O00529,C0422,Retail,2025-08-20 17:48:00,4,East,Airport,Medium,355.62,App,0,1
O00530,C0618,Medical,2024-03-31 06:08:00,4,Airport,North,Low,45.66,App,1,1
O00531,C0013,Business,2025-04-26 08:49:00,24,Airport,Airport,High,157.07,App,0,0
O00532,C0527,Retail,2024-08-20 18:59:00,2,Riverside,Central,Low,55.72,Phone,0,1
O00533,C0338,Retail,2024-11-03 01:37:00,4,Central,North,Medium,74.26,App,0,1
O00534,C0159,Parcel,2025-09-05 03:00:00,2,Airport,Central,Critical,188.05,App,1,1
O00535,C0093,Retail,2024-12-18 06:09:00,6,Riverside,Riverside,Medium,24.09,App,0,0
O00536,C0372,Medical,2025-11-03 09:03:00,12,West,Central,Low,204.12,Web,1,1
O00537,C0153,Business,2024-06-25 10:22:00,6,Central,Central,Medium,50.23,Web,1,0
O00538,C0377,Business,2025-04-05 15:15:00,1,West,Central,High,50.6,App,0,1
O00539,C0098,Business,2024-12-03 23:23:00,6,Central,East,High,167.91,App,0,1
O00540,C0232,Retail,2024-07-02 03:50:00,4,East,West,High,142.72,Web,0,1
O00541,C0272,Retail,2024-11-01 02:46:00,4,West,East,Low,126.42,App,0,1
O00542,C0504,Passenger,2025-07-26 14:06:00,4,Central,East,Low,76.58,App,1,1
O00543,C0468,Passenger,2025-07-18 03:50:00,4,Airport,Riverside,Medium,68.06,App,0,1
O00544,C0212,Retail,2024-06-14 19:25:00,24,Central,West,Low,53.15,Phone,0,1
O00545,C0211,Parcel,2025-04-17 01:02:00,24,Central,North,Low,100.18,Web,0,1
O00546,C0242,Business,2024-02-10 16:37:00,24,Riverside,South,High,51.06,API,1,1
O00547,C0640,Retail,2024-04-09 13:41:00,24,Central,South,High,43.73,App,0,1
O00548,C0105,Passenger,2025-12-14 04:26:00,2,Airport,East,Medium,34.87,Phone,0,1
O00549,C0119,Business,2025-08-14 11:04:00,6,East,West,Medium,86.89,Phone,0,1
O00550,C0502,Business,2025-01-18 23:42:00,24,Central,Riverside,Medium,64.79,Web,1,1
O00551,C0317,Retail,2024-06-16 11:10:00,6,Central,East,High,82.67,Phone,0,1
O00552,C0341,Passenger,2025-11-09 02:21:00,4,Riverside,South,Low,76.7,App,0,1
O00553,C0408,Retail,2024-01-06 20:55:00,6,North,Riverside,High,32.16,App,0,1
O00554,C0117,Medical,2025-05-06 09:09:00,2,Airport,Riverside,High,129.89,App,0,1
O00555,C0233,Retail,2024-09-24 03:06:00,6,West,South,Medium,234.04,App,0,1
O00556,C0643,Business,2024-09-01 03:09:00,2,Riverside,Airport,Medium,101.94,App,1,1
O00557,C0079,Passenger,2025-05-23 08:34:00,24,Riverside,Riverside,Low,176.32,Web,0,0
O00558,C0057,Parcel,2025-07-08 03:20:00,1,Riverside,Central,Critical,99.68,App,0,1
O00559,C0167,Business,2025-04-24 07:10:00,12,North,East,Medium,107.27,Phone,0,1
O00560,C0260,Passenger,2025-08-05 17:02:00,6,Riverside,East,Medium,62.52,Web,1,1
O00561,C0595,Retail,2025-06-02 08:23:00,4,Central,Airport,High,86.87,App,0,1
O00562,C0382,Passenger,2024-07-21 09:25:00,4,East,West,Medium,241.72,App,0,1
O00563,C0284,Parcel,2025-07-22 06:08:00,6,Airport,Riverside,Low,40.2,Web,0,1
O00564,C0535,Retail,2024-09-02 23:55:00,12,North,Central,Medium,59.68,App,0,1
O00565,C0600,Parcel,2025-07-01 16:15:00,1,North,South,Low,155.2,Phone,0,1
O00566,C0455,Parcel,2024-04-07 00:06:00,6,Central,Central,Medium,97.68,Phone,0,0
O00567,C0144,Retail,2024-02-24 15:50:00,24,South,Riverside,Low,33.6,Phone,0,1
O00568,C0412,Passenger,2025-12-19 18:13:00,6,Central,Riverside,Medium,119.95,Phone,0,1
O00569,C0467,Parcel,2025-12-06 23:14:00,6,Central,Airport,Critical,104.77,App,0,1
O00570,C0379,Parcel,2024-03-30 05:09:00,2,Riverside,Riverside,Medium,56.89,Phone,0,0
O00571,C0213,Passenger,2024-09-27 00:27:00,24,Central,Riverside,Medium,64.21,Web,0,1
O00572,C0202,Parcel,2025-02-06 19:33:00,4,West,Riverside,High,134.79,App,1,1
O00573,C0269,Retail,2024-04-22 09:36:00,4,Central,Central,High,150.38,App,0,0
O00574,C0110,Retail,2024-05-03 02:42:00,6,Riverside,North,Medium,59.99,App,0,1
O00575,C0179,Retail,2025-08-15 06:14:00,12,Riverside,Riverside,Medium,30.5,Phone,0,0
O00576,C0393,Retail,2024-09-06 19:49:00,6,South,South,Medium,113.92,App,0,0
O00577,C0641,Parcel,2025-06-09 22:52:00,2,Airport,East,High,16.62,Phone,1,1
O00578,C0639,Retail,2024-03-04 07:04:00,4,Central,Central,High,18.53,App,0,0
O00579,C0624,Medical,2025-09-05 10:06:00,4,Airport,South,Low,24.91,Phone,0,1
O00580,C0461,Retail,2024-02-12 06:39:00,1,West,Riverside,Critical,78.71,App,0,1
O00581,C0495,Passenger,2025-12-09 05:52:00,12,North,South,Low,138.33,App,0,1
O00582,C0275,Parcel,2024-11-06 10:05:00,2,South,Central,Medium,48.36,Phone,0,1
O00583,C0469,Retail,2025-04-17 18:58:00,6,South,Riverside,Medium,89.45,Web,1,1
O00584,C0377,Retail,2024-07-06 00:20:00,6,Airport,West,Medium,137.29,App,0,1
O00585,C0160,Medical,2025-02-25 13:02:00,1,South,Riverside,Medium,215.96,Web,1,1
O00586,C0421,Parcel,2024-03-31 07:09:00,12,Central,West,Critical,31.49,App,0,1
O00587,C0113,Retail,2025-06-07 21:10:00,4,East,Airport,High,115.16,Web,0,1
O00588,C0515,Passenger,2024-06-03 11:49:00,4,Airport,Airport,Low,236.46,Web,0,0
O00589,C0344,Parcel,2024-05-23 06:12:00,6,Riverside,Central,High,81.6,Phone,0,1
O00590,C0386,Parcel,2024-08-12 21:21:00,2,North,North,Medium,20.52,Phone,0,0
O00591,C0228,Passenger,2025-12-26 02:00:00,4,North,Riverside,Medium,15.8,App,1,1
O00592,C0563,Business,2025-05-06 01:31:00,2,Riverside,East,Low,220.79,Phone,0,1
O00593,C0406,Passenger,2025-06-22 10:58:00,1,Central,Riverside,High,63.86,Phone,0,1
O00594,C0116,Retail,2024-03-11 19:40:00,4,Central,East,Medium,149.86,App,1,1
O00595,C0377,Business,2024-03-05 06:55:00,12,South,Airport,Medium,71.08,App,1,1
O00596,C0394,Parcel,2025-10-02 01:54:00,12,South,East,Low,119.64,App,0,1
O00597,C0238,Parcel,2025-01-09 13:05:00,6,North,North,High,169.18,App,0,0
O00598,C0621,Retail,2025-10-28 22:22:00,24,Riverside,Central,Medium,201.88,App,0,1
O00599,C0077,Passenger,2025-08-19 05:51:00,1,South,East,Medium,179.87,App,0,1
O00600,C0476,Parcel,2025-05-19 21:49:00,24,Airport,North,Low,235.8,App,0,1
O00601,C0335,Retail,2025-05-23 04:16:00,6,North,South,Low,49.24,Phone,0,1
O00602,C0257,Passenger,2025-12-11 09:57:00,6,Central,Airport,Medium,127.09,Web,0,1
O00603,C0351,Parcel,2024-02-24 23:29:00,24,West,Riverside,Medium,66.39,App,0,1
O00604,C0584,Passenger,2025-11-27 18:10:00,4,Central,Airport,Medium,65.15,Web,0,1
O00605,C0585,Medical,2025-03-21 12:52:00,1,Riverside,Airport,Low,47.71,Web,1,1
O00606,C0050,Medical,2025-10-17 16:19:00,1,Central,West,High,37.75,Web,0,1
O00607,C0576,Parcel,2025-08-30 17:41:00,12,West,West,Low,219.79,App,1,0
O00608,C0394,Medical,2025-10-09 03:04:00,4,West,East,High,71.8,Web,0,1
O00609,C0621,Parcel,2024-09-15 07:15:00,12,East,East,Low,71.86,App,0,0
O00610,C0635,Passenger,2024-07-21 18:29:00,24,South,Riverside,Medium,169.63,API,0,1
O00611,C0374,Retail,2025-07-29 07:56:00,2,West,West,Low,132.01,App,0,0
O00612,C0169,Retail,2025-05-19 18:58:00,4,West,East,Critical,60.06,Phone,0,1
O00613,C0650,Retail,2025-12-02 22:03:00,4,Airport,Central,Low,84.48,App,0,1
O00614,C0393,Passenger,2025-02-05 21:50:00,2,West,Riverside,Medium,259.73,App,0,1
O00615,C0295,Parcel,2025-02-08 20:43:00,1,West,West,High,44.37,App,0,0
O00616,C0114,Retail,2024-12-16 12:25:00,6,East,Central,Medium,50.57,Phone,0,1
O00617,C0352,Medical,2024-03-30 07:41:00,1,Central,Riverside,Medium,77.56,Web,0,1
O00618,C0581,Parcel,2025-11-19 10:42:00,12,Central,South,Medium,41.64,App,0,1
O00619,C0268,Retail,2025-09-01 13:50:00,1,Central,North,Medium,86.7,App,0,1
O00620,C0467,Retail,2024-11-08 00:19:00,2,South,West,Low,27.57,App,0,1
O00621,C0026,Parcel,2025-05-15 19:01:00,12,Airport,Airport,Medium,103.8,App,0,0
O00622,C0439,Passenger,2024-04-23 15:26:00,24,Central,Central,High,48.84,Phone,0,0
O00623,C0361,Business,2025-02-24 19:19:00,24,Airport,South,High,193.96,Web,0,1
O00624,C0117,Passenger,2025-04-13 04:21:00,24,West,Central,Medium,25.82,Web,0,1
O00625,C0376,Business,2025-07-12 06:05:00,24,West,South,Medium,77.48,Phone,1,1
O00626,C0072,Parcel,2024-12-28 12:54:00,4,North,North,Medium,24.6,Web,1,0
O00627,C0114,Parcel,2025-04-22 19:02:00,6,Central,Central,Medium,67.07,Web,1,0
O00628,C0056,Passenger,2024-10-26 10:05:00,12,Riverside,North,Medium,52.85,App,1,1
O00629,C0368,Retail,2024-10-04 05:44:00,6,Riverside,South,Low,55.3,App,1,1
O00630,C0369,Retail,2025-03-28 13:42:00,2,Central,Central,Low,86.61,App,0,0
O00631,C0574,Business,2025-07-05 07:07:00,2,South,Riverside,Low,47.21,App,0,1
O00632,C0611,Passenger,2024-08-09 21:40:00,1,Central,Central,High,33.21,Web,1,0
O00633,C0235,Passenger,2024-02-12 12:52:00,2,Airport,Central,Low,79.57,App,0,1
O00634,C0536,Parcel,2024-07-07 12:17:00,4,East,South,Medium,171.58,App,0,1
O00635,C0314,Parcel,2024-12-06 04:23:00,2,Central,North,Low,73.66,App,0,1
O00636,C0208,Medical,2024-06-20 07:22:00,4,West,North,Medium,134.63,App,1,1
O00637,C0304,Passenger,2025-09-16 12:19:00,2,North,South,Critical,89.63,Phone,0,1
O00638,C0257,Passenger,2025-05-26 10:56:00,6,West,West,Medium,54.63,App,0,0
O00639,C0480,Medical,2025-06-02 19:12:00,2,Central,North,Medium,141.93,Web,0,1
O00640,C0102,Passenger,2024-06-15 12:33:00,12,Airport,West,Medium,72.31,API,1,1
O00641,C0403,Parcel,2024-01-10 00:54:00,24,North,Airport,High,119.0,Phone,0,1
O00642,C0329,Retail,2024-06-28 03:15:00,4,Riverside,Airport,High,24.55,App,0,1
O00643,C0349,Parcel,2025-04-10 18:51:00,1,Airport,Riverside,Low,181.69,Web,1,1
O00644,C0084,Business,2025-11-03 08:47:00,6,East,Airport,High,6.28,App,0,1
O00645,C0517,Passenger,2024-12-26 21:06:00,6,South,Central,Medium,82.91,API,0,1
O00646,C0518,Retail,2025-07-19 23:55:00,2,East,South,Medium,63.73,App,1,1
O00647,C0592,Passenger,2025-06-10 21:24:00,12,West,Airport,High,109.87,App,0,1
O00648,C0032,Passenger,2024-05-18 08:42:00,2,West,South,Medium,52.97,App,0,1
O00649,C0361,Parcel,2025-03-02 02:32:00,4,East,Riverside,Low,30.88,App,0,1
O00650,C0206,Parcel,2025-09-30 10:28:00,6,Riverside,Airport,Low,39.65,App,0,1
O00651,C0345,Parcel,2024-09-29 09:23:00,6,South,South,High,7.14,App,0,0
O00652,C0331,Retail,2024-11-08 21:45:00,4,South,West,Medium,35.54,App,0,1
O00653,C0397,Retail,2025-10-09 21:24:00,12,Riverside,South,Medium,36.56,App,0,1
O00654,C0617,Parcel,2025-06-18 21:03:00,24,Central,Airport,High,47.22,App,0,1
O00655,C0590,Passenger,2025-11-01 15:31:00,4,South,East,Low,52.51,Phone,0,1
O00656,C0211,Parcel,2025-01-07 22:01:00,6,West,North,High,82.24,Web,0,1
O00657,C0135,Passenger,2024-02-28 21:07:00,6,South,Central,Low,155.89,App,0,1
O00658,C0533,Retail,2025-07-24 12:28:00,12,North,North,Medium,68.43,App,0,0
O00659,C0002,Retail,2024-11-14 16:57:00,12,South,North,Low,135.53,API,0,1
O00660,C0288,Passenger,2024-06-04 23:38:00,4,Central,Airport,High,27.65,Web,1,1
O00661,C0241,Retail,2025-04-14 01:20:00,4,Central,Riverside,High,97.98,Phone,0,1
O00662,C0117,Parcel,2025-05-09 04:00:00,12,South,Airport,High,30.01,Web,0,1
O00663,C0380,Retail,2024-10-04 04:12:00,2,East,East,Low,75.21,App,1,0
O00664,C0584,Passenger,2025-08-24 18:32:00,4,Airport,West,Medium,176.19,App,0,1
O00665,C0522,Passenger,2024-02-17 12:11:00,4,West,Central,Low,176.48,App,1,1
O00666,C0001,Parcel,2025-08-26 20:17:00,24,Airport,Central,Low,185.32,App,0,1
O00667,C0392,Passenger,2025-10-04 07:18:00,2,East,West,Medium,68.27,Web,1,1
O00668,C0649,Parcel,2025-07-11 00:26:00,6,Airport,North,Medium,135.89,App,0,1
O00669,C0529,Parcel,2025-07-15 13:41:00,12,North,East,Critical,80.79,App,0,1
O00670,C0305,Retail,2024-03-27 21:40:00,4,South,West,High,128.5,App,1,1
O00671,C0111,Retail,2025-01-24 15:45:00,1,North,North,Medium,118.56,Phone,0,0
O00672,C0567,Retail,2025-01-03 22:57:00,24,Airport,Riverside,High,20.28,Web,0,1
O00673,C0579,Passenger,2024-10-11 10:10:00,24,West,West,High,133.78,Phone,0,0
O00674,C0235,Passenger,2025-08-11 15:52:00,2,Central,East,Medium,65.56,Web,0,1
O00675,C0445,Business,2024-02-19 17:22:00,24,Riverside,North,Low,47.44,App,0,1
O00676,C0494,Business,2024-05-23 06:33:00,2,South,West,Low,110.61,App,0,1
O00677,C0519,Passenger,2024-03-04 05:19:00,4,East,West,High,79.31,Web,0,1
O00678,C0197,Business,2025-06-17 05:43:00,12,Airport,Airport,Low,14.72,App,1,0
O00679,C0244,Medical,2024-11-15 01:37:00,24,West,South,High,74.53,Web,0,1
O00680,C0412,Passenger,2024-10-31 12:49:00,2,Central,West,High,56.97,Web,0,1
O00681,C0438,Parcel,2025-01-03 22:11:00,24,South,East,Medium,47.11,Phone,0,1
O00682,C0529,Retail,2024-10-05 09:57:00,2,North,Central,Low,97.9,Phone,0,1
O00683,C0375,Medical,2025-05-01 06:39:00,6,East,Airport,Medium,114.16,App,0,1
O00684,C0064,Parcel,2024-11-24 14:25:00,24,Central,Airport,High,81.01,App,0,1
O00685,C0010,Business,2024-04-21 21:16:00,6,West,West,Low,107.85,Phone,0,0
O00686,C0476,Retail,2025-01-05 12:20:00,6,East,South,Medium,72.67,Web,0,1
O00687,C0253,Passenger,2025-01-29 15:17:00,4,Central,Airport,Medium,221.31,App,0,1
O00688,C0332,Passenger,2024-04-25 06:59:00,6,North,West,High,38.09,Phone,0,1
O00689,C0349,Passenger,2025-09-29 14:32:00,4,Riverside,Riverside,Medium,6.04,App,1,0
O00690,C0013,Retail,2025-02-22 20:10:00,4,Airport,North,High,159.46,App,0,1
O00691,C0532,Retail,2024-11-18 01:09:00,12,North,East,High,231.13,App,0,1
O00692,C0223,Parcel,2024-10-12 17:30:00,4,East,East,Medium,73.56,Web,0,0
O00693,C0199,Retail,2025-11-08 17:54:00,2,Airport,Airport,Medium,115.09,App,0,0
O00694,C0380,Passenger,2025-11-17 13:48:00,6,Central,Riverside,Medium,307.5,Web,0,1
O00695,C0006,Passenger,2024-03-19 08:25:00,6,South,East,Low,92.36,App,0,1
O00696,C0090,Passenger,2025-01-06 22:58:00,1,Central,Riverside,Medium,67.44,App,0,1
O00697,C0454,Medical,2025-02-09 16:51:00,6,East,West,Medium,7.69,API,0,1
O00698,C0550,Medical,2024-10-22 20:07:00,2,South,Central,High,179.24,App,0,1
O00699,C0310,Medical,2024-09-22 14:49:00,12,South,Riverside,Medium,202.46,Web,0,1
O00700,C0443,Passenger,2024-01-13 01:34:00,4,West,West,Medium,110.49,Phone,0,0
O00701,C0021,Parcel,2025-12-15 18:19:00,4,East,Riverside,Medium,19.97,App,0,1
O00702,C0228,Retail,2024-12-28 19:23:00,4,East,Riverside,Critical,77.66,App,0,1
O00703,C0493,Medical,2024-09-28 07:56:00,6,Airport,North,Medium,250.93,Phone,0,1
O00704,C0031,Retail,2024-03-12 17:06:00,4,North,North,High,141.29,Phone,0,0
O00705,C0013,Parcel,2025-09-09 21:53:00,6,North,Riverside,High,118.52,App,0,1
O00706,C0243,Retail,2025-02-26 22:07:00,2,Riverside,South,Low,39.03,API,1,1
O00707,C0156,Parcel,2024-11-10 05:41:00,4,Central,East,Medium,95.62,App,0,1
O00708,C0058,Parcel,2024-06-29 23:40:00,4,West,West,Low,108.04,Phone,0,0
O00709,C0369,Medical,2025-12-09 03:49:00,12,North,Airport,Critical,49.66,App,0,1
O00710,C0322,Passenger,2025-02-17 12:53:00,6,South,South,Low,91.43,Web,0,0
O00711,C0412,Passenger,2024-12-15 12:25:00,2,South,South,High,69.11,Web,0,0
O00712,C0512,Passenger,2025-05-26 10:22:00,2,North,West,High,105.64,Phone,1,1
O00713,C0316,Medical,2024-07-09 22:55:00,6,South,North,Low,48.38,Phone,0,1
O00714,C0456,Passenger,2024-05-26 17:47:00,24,South,North,Low,187.87,App,0,1
O00715,C0477,Medical,2025-06-17 13:42:00,6,Riverside,North,Critical,125.92,App,0,1
O00716,C0072,Passenger,2024-10-22 04:13:00,6,East,North,Medium,5.92,App,0,1
O00717,C0508,Retail,2024-12-12 21:04:00,4,East,South,Low,72.1,Web,0,1
O00718,C0533,Passenger,2025-02-27 02:32:00,2,West,Airport,Low,144.45,Phone,0,1
O00719,C0395,Passenger,2024-01-04 18:42:00,2,West,Central,Low,11.54,Web,0,1
O00720,C0140,Business,2024-08-29 18:27:00,2,Airport,Airport,High,111.88,App,0,0
O00721,C0001,Retail,2025-02-17 06:36:00,24,East,Central,Medium,70.79,App,1,1
O00722,C0523,Business,2024-10-07 21:50:00,12,Central,Central,Medium,72.65,Phone,0,0
O00723,C0075,Passenger,2024-05-15 04:14:00,1,North,Central,Low,94.32,App,0,1
O00724,C0317,Passenger,2025-11-18 07:32:00,4,Airport,North,Low,98.05,App,0,1
O00725,C0153,Passenger,2024-05-07 09:57:00,12,East,West,Medium,61.87,App,0,1
O00726,C0284,Retail,2024-02-04 23:52:00,4,Airport,Airport,Medium,59.57,Web,0,0
O00727,C0499,Business,2025-10-26 12:56:00,2,South,South,Medium,85.0,App,0,0
O00728,C0610,Parcel,2024-10-21 04:41:00,24,South,Riverside,Low,50.95,App,0,1
O00729,C0574,Parcel,2025-12-22 22:24:00,6,East,East,Medium,51.28,App,0,0
O00730,C0353,Retail,2025-09-19 08:45:00,1,East,East,High,112.07,API,0,0
O00731,C0014,Passenger,2024-03-09 19:38:00,2,East,Central,High,38.48,Web,0,1
O00732,C0579,Passenger,2025-06-05 08:38:00,4,East,Central,Medium,165.97,Phone,0,1
O00733,C0609,Passenger,2024-08-06 07:19:00,6,Airport,West,Medium,161.44,Phone,0,1
O00734,C0087,Retail,2024-04-06 11:43:00,12,East,East,Medium,166.21,App,1,0
O00735,C0602,Retail,2025-08-05 02:23:00,4,Central,North,High,35.89,App,0,1
O00736,C0390,Parcel,2024-01-24 22:33:00,12,Central,East,Medium,78.13,App,0,1
O00737,C0368,Retail,2024-03-14 03:53:00,2,Central,Central,Medium,117.82,Web,1,0
O00738,C0354,Retail,2024-11-28 06:00:00,2,Airport,West,High,66.54,App,1,1
O00739,C0144,Passenger,2025-04-13 20:48:00,12,South,North,Low,76.04,Phone,0,1
O00740,C0151,Medical,2024-05-22 14:17:00,4,East,East,Medium,67.9,Web,1,0
O00741,C0552,Retail,2025-05-30 01:28:00,6,Airport,North,Low,72.44,App,1,1
O00742,C0017,Passenger,2025-08-27 17:38:00,12,Airport,West,Critical,45.26,App,0,1
O00743,C0166,Retail,2024-02-03 01:34:00,2,East,South,Medium,92.51,Web,0,1
O00744,C0146,Retail,2025-04-23 03:30:00,6,East,Riverside,Low,33.49,API,1,1
O00745,C0442,Passenger,2024-08-17 09:40:00,24,South,Airport,Medium,46.93,App,0,1
O00746,C0014,Medical,2024-12-14 10:33:00,1,North,Riverside,Low,73.76,Web,0,1
O00747,C0264,Retail,2025-08-05 07:13:00,2,East,South,Medium,122.21,App,0,1
O00748,C0412,Parcel,2025-07-23 06:18:00,24,West,South,Low,41.63,API,0,1
O00749,C0196,Retail,2025-08-14 17:45:00,6,East,Riverside,Low,47.61,App,0,1
O00750,C0368,Retail,2024-02-01 07:49:00,6,North,South,Low,62.8,Phone,1,1
O00751,C0282,Business,2024-06-26 00:51:00,4,North,West,Medium,152.61,Phone,0,1
O00752,C0628,Retail,2025-05-31 08:27:00,2,Riverside,Central,Medium,119.26,Web,0,1
O00753,C0369,Parcel,2025-01-18 02:40:00,2,Airport,Riverside,High,176.31,Web,0,1
O00754,C0479,Parcel,2024-10-07 23:05:00,4,Central,Airport,Medium,65.19,App,0,1
O00755,C0014,Passenger,2025-08-21 03:25:00,6,South,South,High,25.11,App,0,0
O00756,C0413,Retail,2025-02-03 16:37:00,24,Airport,North,Medium,83.09,App,1,1
O00757,C0466,Passenger,2025-02-22 07:42:00,12,East,South,Medium,81.59,Web,0,1
O00758,C0359,Parcel,2024-02-26 11:34:00,6,East,West,Low,144.81,Phone,0,1
O00759,C0556,Passenger,2024-12-03 21:16:00,1,Central,North,Medium,22.3,App,0,1
O00760,C0051,Medical,2024-03-14 20:30:00,24,South,West,Low,108.03,API,0,1
O00761,C0237,Passenger,2025-08-12 04:27:00,12,North,East,Low,109.93,App,0,1
O00762,C0118,Retail,2025-04-09 21:56:00,4,East,South,Medium,21.57,App,0,1
O00763,C0020,Retail,2025-12-26 19:29:00,4,East,Airport,Low,154.35,API,0,1
O00764,C0452,Retail,2024-07-14 10:39:00,2,North,West,Medium,72.77,App,0,1
O00765,C0187,Retail,2024-07-13 03:25:00,12,Central,West,Medium,60.26,App,1,1
O00766,C0118,Parcel,2024-06-18 09:48:00,2,East,South,Low,79.18,Phone,0,1
O00767,C0107,Business,2024-07-17 02:47:00,6,Riverside,West,Medium,57.81,Web,0,1
O00768,C0606,Retail,2025-06-12 00:28:00,4,Central,West,Medium,69.17,App,0,1
O00769,C0559,Retail,2024-07-21 22:47:00,4,South,Central,High,189.0,API,0,1
O00770,C0096,Retail,2024-07-20 08:12:00,2,South,West,Medium,68.11,App,0,1
O00771,C0208,Passenger,2025-07-27 22:53:00,6,East,West,High,32.94,App,0,1
O00772,C0103,Parcel,2024-10-30 23:50:00,24,East,North,High,152.15,App,0,1
O00773,C0172,Parcel,2024-01-24 23:46:00,4,North,South,Medium,114.02,App,0,1
O00774,C0639,Parcel,2025-09-19 23:01:00,12,Central,North,High,34.69,Web,1,1
O00775,C0068,Business,2024-03-05 11:13:00,12,Riverside,Central,High,94.46,App,0,1
O00776,C0571,Parcel,2025-03-03 00:53:00,4,Riverside,East,Low,108.49,Phone,0,1
O00777,C0226,Retail,2025-10-18 23:47:00,6,East,Riverside,High,14.64,App,0,1
O00778,C0514,Parcel,2025-10-07 17:16:00,4,North,Central,Low,84.4,App,0,1
O00779,C0397,Retail,2025-07-25 11:40:00,24,Riverside,Central,Critical,69.68,App,0,1
O00780,C0490,Parcel,2024-06-16 18:40:00,1,West,North,Medium,80.48,Web,0,1
O00781,C0049,Retail,2024-11-19 11:19:00,12,North,Central,High,75.82,Web,0,1
O00782,C0610,Passenger,2024-04-17 01:47:00,2,South,South,Medium,37.19,Web,0,0
O00783,C0507,Parcel,2024-06-28 22:22:00,4,North,East,Critical,46.36,App,1,1
O00784,C0308,Passenger,2025-03-07 00:51:00,12,East,South,Low,21.26,Phone,1,1
O00785,C0378,Passenger,2025-12-31 14:49:00,4,East,Central,High,98.07,Phone,0,1
O00786,C0473,Medical,2024-04-14 10:06:00,6,Riverside,West,Medium,69.28,API,0,1
O00787,C0483,Parcel,2024-06-06 11:49:00,6,North,Riverside,Low,192.62,Web,0,1
O00788,C0444,Medical,2025-04-27 15:05:00,4,Airport,North,Medium,116.09,Phone,0,1
O00789,C0201,Business,2024-12-11 10:30:00,6,Central,Riverside,High,163.0,App,1,1
O00790,C0028,Retail,2024-05-11 03:33:00,2,Airport,West,High,283.08,Web,0,1
O00791,C0632,Passenger,2025-07-30 08:32:00,4,East,Airport,Medium,107.8,App,0,1
O00792,C0173,Retail,2025-02-02 06:22:00,4,Riverside,South,Medium,156.57,App,0,1
O00793,C0259,Business,2024-09-14 21:01:00,12,Central,South,Medium,70.51,Phone,0,1
O00794,C0415,Retail,2024-07-16 22:17:00,12,Central,Airport,Low,154.5,App,0,1
O00795,C0142,Retail,2025-06-15 13:49:00,2,Riverside,Central,Medium,42.52,App,0,1
O00796,C0385,Business,2025-01-28 05:51:00,6,Central,North,High,209.05,API,0,1
O00797,C0231,Passenger,2025-03-23 04:08:00,4,Riverside,Riverside,Medium,47.39,App,1,0
O00798,C0547,Retail,2024-01-14 03:13:00,4,South,North,Low,55.01,App,0,1
O00799,C0289,Passenger,2025-08-22 17:24:00,24,East,South,High,260.0,Web,0,1
O00800,C0032,Medical,2024-01-29 00:52:00,6,South,North,Medium,102.47,Phone,0,1
O00801,C0138,Retail,2024-03-29 14:49:00,6,South,North,Medium,111.28,App,0,1
O00802,C0187,Passenger,2024-02-14 06:56:00,24,West,West,Medium,32.72,Phone,0,0
O00803,C0509,Retail,2025-08-09 17:58:00,6,East,Airport,High,60.3,App,0,1
O00804,C0383,Parcel,2024-03-13 10:21:00,24,Central,Riverside,Medium,278.77,Phone,0,1
O00805,C0426,Passenger,2025-10-01 17:56:00,6,North,Central,Low,180.16,App,0,1
O00806,C0622,Business,2025-04-17 15:49:00,12,North,Central,Medium,100.44,App,1,1
O00807,C0162,Parcel,2025-10-16 06:00:00,4,South,Riverside,Medium,155.63,App,1,1
O00808,C0598,Passenger,2024-09-06 06:57:00,4,Riverside,West,High,79.62,App,0,1
O00809,C0595,Retail,2024-12-29 12:56:00,2,Riverside,South,Medium,84.04,App,0,1
O00810,C0408,Parcel,2024-04-16 03:37:00,12,North,South,High,129.12,App,0,1
O00811,C0267,Retail,2024-05-09 06:28:00,6,North,Riverside,Medium,104.5,App,1,1
O00812,C0219,Parcel,2025-04-12 18:37:00,24,West,Airport,Medium,55.92,App,0,1
O00813,C0642,Parcel,2025-10-13 21:45:00,4,North,North,Medium,75.79,App,0,0
O00814,C0464,Passenger,2025-03-26 02:36:00,12,East,Riverside,Medium,27.9,Phone,0,1
O00815,C0347,Parcel,2024-02-25 15:10:00,24,Airport,Airport,High,216.89,App,1,0
O00816,C0113,Passenger,2025-02-13 20:43:00,12,East,Central,Low,62.91,Web,0,1
O00817,C0391,Retail,2025-12-31 07:45:00,2,North,South,Low,208.48,Phone,0,1
O00818,C0561,Business,2025-10-27 15:44:00,1,Riverside,North,Medium,82.82,Web,1,1
O00819,C0098,Retail,2025-04-28 19:09:00,4,Airport,West,Low,93.02,App,0,1
O00820,C0121,Passenger,2024-05-01 15:38:00,6,Riverside,North,Low,231.32,App,0,1
O00821,C0266,Parcel,2025-01-25 02:44:00,6,Central,South,Medium,78.86,Phone,0,1
O00822,C0186,Parcel,2024-09-01 07:00:00,1,West,South,Medium,55.85,Phone,0,1
O00823,C0264,Passenger,2025-02-05 18:50:00,12,East,North,Medium,122.9,App,0,1
O00824,C0074,Retail,2024-08-17 20:47:00,12,South,East,Medium,271.33,Web,0,1
O00825,C0010,Business,2025-10-25 01:15:00,4,South,West,Medium,58.21,Phone,0,1
O00826,C0055,Parcel,2024-04-06 06:51:00,4,Airport,Central,Medium,118.93,App,0,1
O00827,C0152,Medical,2024-01-01 01:29:00,24,East,South,Medium,19.26,Web,0,1
O00828,C0025,Passenger,2024-02-19 12:15:00,24,West,West,Low,61.71,App,0,0
O00829,C0032,Passenger,2024-08-12 21:02:00,4,South,West,High,32.2,Phone,1,1
O00830,C0347,Passenger,2025-07-23 20:36:00,2,South,South,High,71.2,Phone,0,0
O00831,C0560,Business,2025-02-27 08:02:00,4,Riverside,Central,Medium,130.28,App,0,1
O00832,C0436,Parcel,2024-06-06 14:01:00,6,Central,Airport,Low,99.75,App,1,1
O00833,C0431,Parcel,2025-05-05 03:48:00,2,Central,Riverside,Medium,141.48,App,0,1
O00834,C0526,Parcel,2025-12-28 03:11:00,1,East,Airport,Low,265.72,Web,0,1
O00835,C0317,Passenger,2024-05-26 16:10:00,6,South,Airport,Medium,51.0,App,0,1
O00836,C0186,Passenger,2025-09-22 16:20:00,6,South,North,Low,45.9,App,1,1
O00837,C0578,Parcel,2024-04-18 16:50:00,24,East,West,Low,35.47,App,0,1
O00838,C0549,Passenger,2025-01-25 00:04:00,6,Central,Central,Low,48.73,Web,0,0
O00839,C0046,Parcel,2024-01-31 17:41:00,6,Riverside,West,Low,229.63,App,0,1
O00840,C0358,Passenger,2024-03-28 16:35:00,6,South,East,Medium,142.01,Web,0,1
O00841,C0132,Business,2025-09-26 19:38:00,6,Airport,South,Medium,21.71,App,0,1
O00842,C0588,Retail,2025-07-04 02:45:00,12,Central,East,Low,153.82,Web,0,1
O00843,C0095,Medical,2024-02-25 21:34:00,12,North,Riverside,Critical,84.18,Phone,1,1
O00844,C0276,Medical,2025-09-21 09:29:00,6,Riverside,Riverside,High,76.02,App,0,0
O00845,C0276,Business,2025-02-10 21:00:00,4,Airport,North,Medium,65.51,Phone,0,1
O00846,C0372,Parcel,2025-07-27 23:13:00,2,East,East,High,117.43,Web,0,0
O00847,C0303,Retail,2024-01-25 05:53:00,12,Central,Central,Low,47.99,App,1,0
O00848,C0489,Business,2025-06-03 14:13:00,6,North,South,High,27.71,App,1,1
O00849,C0412,Passenger,2024-05-05 22:41:00,4,Airport,North,High,230.22,App,0,1
O00850,C0601,Parcel,2024-07-31 21:27:00,6,West,East,High,24.48,App,0,1
O00851,C0480,Business,2024-04-23 19:05:00,12,South,Riverside,Medium,49.34,Phone,0,1
O00852,C0599,Retail,2025-07-13 16:22:00,2,North,Riverside,Medium,126.8,App,1,1
O00853,C0335,Parcel,2025-11-24 03:05:00,24,South,East,Low,22.04,App,0,1
O00854,C0343,Parcel,2024-09-01 03:05:00,4,Airport,Airport,Low,90.75,Web,0,0
O00855,C0342,Parcel,2025-01-11 08:19:00,6,Airport,South,Critical,140.01,Web,0,1
O00856,C0574,Parcel,2024-11-12 09:09:00,12,South,Central,High,58.06,App,0,1
O00857,C0104,Retail,2025-05-20 19:36:00,1,Central,West,High,140.14,App,1,1
O00858,C0045,Parcel,2024-12-08 06:00:00,1,Riverside,West,Critical,129.56,Web,0,1
O00859,C0476,Retail,2024-03-21 02:02:00,6,Airport,Central,Low,83.53,App,1,1
O00860,C0076,Medical,2024-04-26 21:44:00,2,East,South,Medium,292.33,App,0,1
O00861,C0265,Passenger,2025-09-05 06:33:00,2,East,Central,Medium,90.82,App,0,1
O00862,C0599,Retail,2025-01-29 14:26:00,4,East,North,Medium,84.14,Phone,0,1
O00863,C0274,Passenger,2025-09-17 18:41:00,12,Riverside,West,Low,29.36,Phone,0,1
O00864,C0246,Business,2024-08-03 23:48:00,4,Airport,Central,Low,45.78,Phone,0,1
O00865,C0597,Parcel,2024-03-22 00:53:00,2,East,South,Medium,55.13,Web,0,1
O00866,C0317,Parcel,2024-03-01 22:46:00,24,West,Riverside,Medium,117.83,Web,0,1
O00867,C0313,Parcel,2024-02-01 21:43:00,6,Riverside,Central,Low,34.43,App,0,1
O00868,C0037,Passenger,2024-05-18 13:51:00,4,Central,West,Medium,117.19,Phone,1,1
O00869,C0490,Parcel,2024-02-26 05:39:00,4,Central,Riverside,Medium,59.8,App,1,1
O00870,C0092,Passenger,2024-10-27 14:16:00,12,South,Airport,High,144.13,Web,0,1
O00871,C0298,Parcel,2025-12-24 04:16:00,6,Riverside,North,High,46.35,Phone,0,1
O00872,C0294,Medical,2024-11-03 11:01:00,2,East,South,Low,113.37,App,0,1
O00873,C0015,Parcel,2024-11-28 12:06:00,6,North,South,High,106.49,App,0,1
O00874,C0360,Parcel,2024-06-15 14:10:00,6,East,West,High,246.43,Phone,0,1
O00875,C0027,Business,2025-10-31 20:59:00,12,North,East,High,64.89,Web,0,1
O00876,C0301,Parcel,2025-04-29 19:53:00,4,West,Airport,Low,75.93,App,0,1
O00877,C0277,Retail,2024-11-29 08:51:00,4,East,West,Medium,14.29,Phone,0,1
O00878,C0190,Medical,2024-09-12 00:26:00,6,Riverside,West,Low,35.24,App,0,1
O00879,C0419,Medical,2025-07-04 00:21:00,4,South,West,Low,123.72,App,0,1
O00880,C0020,Parcel,2024-08-24 17:56:00,24,South,North,Low,51.19,App,1,1
O00881,C0545,Passenger,2024-12-31 10:00:00,6,Riverside,South,Low,83.23,App,0,1
O00882,C0204,Parcel,2024-09-01 10:50:00,2,Central,Central,High,141.57,Phone,0,0
O00883,C0335,Business,2024-03-22 17:10:00,12,North,North,Medium,139.75,Web,0,0
O00884,C0339,Parcel,2024-04-17 01:52:00,6,Central,West,Medium,16.66,Web,0,1
O00885,C0338,Medical,2024-11-17 13:40:00,24,Riverside,Central,Critical,125.38,App,0,1
O00886,C0618,Passenger,2024-12-11 11:04:00,1,East,Central,Low,88.24,App,1,1
O00887,C0434,Retail,2025-07-04 03:29:00,24,Central,North,Low,173.81,Phone,0,1
O00888,C0254,Medical,2024-06-13 06:33:00,2,Riverside,Riverside,Low,139.5,App,0,0
O00889,C0322,Retail,2024-02-24 20:42:00,4,West,West,Critical,40.25,App,0,0
O00890,C0232,Retail,2025-07-05 07:58:00,24,Central,East,High,88.41,App,0,1
O00891,C0449,Passenger,2025-02-21 16:44:00,2,Central,Airport,Medium,82.47,Web,0,1
O00892,C0157,Passenger,2025-10-08 02:41:00,2,Airport,Airport,Medium,326.38,Web,0,0
O00893,C0391,Business,2024-08-05 06:18:00,2,South,South,High,33.29,Phone,0,0
O00894,C0636,Parcel,2024-01-14 22:16:00,2,East,Airport,Low,114.94,Web,0,1
O00895,C0599,Parcel,2025-03-17 22:07:00,4,Riverside,Central,Medium,63.95,API,0,1
O00896,C0145,Passenger,2024-06-29 19:28:00,6,East,South,Low,50.35,App,0,1
O00897,C0434,Passenger,2025-09-21 21:10:00,6,South,West,Low,101.28,Web,0,1
O00898,C0643,Passenger,2025-12-08 23:18:00,24,East,North,Low,82.8,App,0,1
O00899,C0440,Passenger,2025-02-04 07:21:00,6,Airport,Riverside,Critical,184.27,Web,0,1
O00900,C0248,Passenger,2024-09-20 00:05:00,2,Riverside,Airport,High,100.64,API,0,1
O00901,C0222,Retail,2025-12-08 06:41:00,2,Central,Airport,Critical,136.84,Phone,0,1
O00902,C0309,Parcel,2024-09-22 19:41:00,6,East,West,Medium,70.09,App,0,1
O00903,C0380,Parcel,2025-10-20 23:37:00,4,Central,East,Low,18.78,Web,1,1
O00904,C0618,Passenger,2024-05-25 20:04:00,4,Airport,Airport,Low,95.34,App,0,0
O00905,C0622,Parcel,2025-09-04 02:44:00,6,East,Central,Medium,63.25,App,0,1
O00906,C0480,Passenger,2025-02-04 09:04:00,24,West,Riverside,High,133.71,App,0,1
O00907,C0173,Business,2024-03-06 23:04:00,6,East,East,Medium,37.24,Phone,0,0
O00908,C0167,Parcel,2025-07-02 00:04:00,6,Airport,East,Low,142.89,App,1,1
O00909,C0324,Business,2025-01-05 02:09:00,12,North,East,High,117.13,App,0,1
O00910,C0465,Business,2025-07-24 03:46:00,6,North,North,Medium,159.86,App,0,0
O00911,C0214,Retail,2025-05-20 20:32:00,4,Riverside,Central,High,24.34,App,0,1
O00912,C0325,Business,2025-12-05 08:58:00,6,East,West,Low,39.19,Phone,1,1
O00913,C0091,Retail,2025-04-05 05:57:00,6,West,South,Low,14.48,Phone,0,1
O00914,C0258,Retail,2024-04-12 08:19:00,6,South,North,Medium,217.46,App,0,1
O00915,C0499,Parcel,2025-02-08 13:44:00,24,South,Riverside,Critical,93.22,Web,0,1
O00916,C0328,Passenger,2025-12-07 05:28:00,12,South,South,Medium,68.21,App,0,0
O00917,C0027,Retail,2024-04-07 14:21:00,6,Central,Central,Low,30.8,App,0,0
O00918,C0147,Business,2024-11-26 06:01:00,1,Riverside,North,Critical,50.49,App,1,1
O00919,C0619,Retail,2025-02-01 07:06:00,4,Riverside,North,Low,229.93,App,0,1
O00920,C0242,Passenger,2024-08-01 11:42:00,12,Riverside,East,Low,74.71,App,0,1
O00921,C0448,Retail,2024-12-09 08:39:00,4,East,Central,Medium,198.22,App,0,1
O00922,C0467,Retail,2024-01-11 06:04:00,12,West,Central,Low,41.3,Phone,0,1
O00923,C0334,Parcel,2024-04-01 05:50:00,1,West,West,Low,69.93,App,0,0
O00924,C0139,Retail,2025-11-06 21:37:00,24,West,Central,Low,44.93,API,1,1
O00925,C0530,Business,2024-11-15 21:16:00,12,South,Airport,Low,162.25,Web,0,1
O00926,C0322,Parcel,2024-07-03 01:09:00,12,East,East,Low,50.92,Phone,0,0
O00927,C0533,Medical,2025-05-07 03:53:00,6,North,West,Medium,76.32,App,0,1
O00928,C0231,Parcel,2024-02-28 12:16:00,24,South,Airport,Medium,60.36,App,0,1
O00929,C0195,Parcel,2025-10-29 02:36:00,2,Central,Riverside,Medium,117.07,Phone,0,1
O00930,C0370,Retail,2025-08-20 07:03:00,4,Central,Riverside,High,133.79,App,0,1
O00931,C0213,Parcel,2024-03-07 09:00:00,4,North,North,High,70.8,App,0,0
O00932,C0221,Parcel,2024-10-01 04:59:00,2,Airport,West,Medium,51.33,Phone,0,1
O00933,C0534,Passenger,2024-12-29 11:34:00,6,South,Airport,High,96.98,Phone,1,1
O00934,C0437,Business,2024-06-29 04:23:00,4,North,East,Medium,80.26,App,0,1
O00935,C0404,Parcel,2024-09-14 11:23:00,12,East,East,High,132.13,Phone,1,0
O00936,C0498,Passenger,2024-06-19 16:42:00,4,Central,Airport,High,129.0,Web,0,1
O00937,C0549,Parcel,2024-04-24 07:58:00,4,Riverside,South,High,31.56,App,0,1
O00938,C0567,Business,2024-06-18 09:48:00,6,Central,Central,Medium,151.14,Web,0,0
O00939,C0085,Medical,2025-01-24 00:14:00,12,South,South,Critical,91.71,App,1,0
O00940,C0575,Parcel,2025-10-26 06:56:00,6,West,West,High,99.21,Phone,0,0
O00941,C0571,Passenger,2024-08-12 12:54:00,1,West,West,High,110.52,Web,0,0
O00942,C0291,Passenger,2025-01-09 07:41:00,12,Central,Riverside,High,101.75,App,0,1
O00943,C0372,Passenger,2025-04-28 08:55:00,4,North,West,Low,157.16,API,1,1
O00944,C0343,Passenger,2024-01-08 01:06:00,24,Central,North,Low,216.6,App,1,1
O00945,C0567,Retail,2025-11-10 12:53:00,6,North,North,Medium,155.97,App,0,0
O00946,C0558,Parcel,2025-01-13 07:18:00,24,South,South,Medium,113.57,App,0,0
O00947,C0467,Passenger,2024-01-31 15:28:00,4,North,North,High,89.52,App,0,0
O00948,C0626,Business,2025-05-14 03:07:00,6,North,West,Low,60.77,App,0,1
O00949,C0023,Medical,2025-04-15 17:45:00,24,West,West,Medium,71.3,Web,0,0
O00950,C0564,Passenger,2025-05-18 02:25:00,24,South,Airport,Medium,82.99,Phone,0,1
O00951,C0199,Passenger,2024-04-30 15:30:00,6,East,Airport,Low,208.66,Phone,0,1
O00952,C0156,Passenger,2024-06-26 07:27:00,4,Central,Riverside,Medium,183.79,App,0,1
O00953,C0193,Parcel,2025-03-26 01:07:00,12,South,South,Medium,3.57,App,0,0
O00954,C0599,Passenger,2024-07-14 02:17:00,4,South,South,Critical,62.7,Web,0,0
O00955,C0163,Passenger,2025-01-04 14:30:00,4,Central,West,Low,50.43,App,0,1
O00956,C0257,Medical,2024-09-01 10:35:00,4,West,South,Medium,53.1,App,0,1
O00957,C0385,Passenger,2024-02-28 02:32:00,1,North,North,Critical,12.91,App,0,0
O00958,C0132,Passenger,2024-08-15 15:47:00,4,Airport,Central,Critical,33.24,Web,0,1
O00959,C0545,Medical,2024-08-09 18:39:00,12,Airport,South,Low,88.7,Phone,1,1
O00960,C0554,Passenger,2025-01-20 03:03:00,1,Riverside,North,Medium,86.06,App,0,1
O00961,C0307,Parcel,2025-03-18 16:03:00,4,Central,Airport,Medium,168.98,App,1,1
O00962,C0113,Passenger,2024-09-02 16:10:00,4,South,Central,Low,108.48,App,0,1
O00963,C0528,Medical,2025-06-06 10:13:00,24,North,East,Medium,30.53,API,0,1
O00964,C0247,Retail,2024-04-13 02:30:00,2,Central,South,High,178.23,Phone,0,1
O00965,C0384,Passenger,2024-09-28 14:59:00,6,East,North,Low,76.97,Web,0,1
O00966,C0568,Retail,2025-04-16 23:08:00,12,Central,Central,High,29.24,App,1,0
O00967,C0343,Business,2024-03-17 14:40:00,6,North,West,Medium,50.8,App,0,1
O00968,C0529,Business,2024-11-21 03:13:00,12,South,Central,Medium,76.41,App,0,1
O00969,C0372,Parcel,2024-10-14 21:50:00,2,North,Riverside,High,36.75,Phone,0,1
O00970,C0099,Retail,2025-01-04 02:07:00,2,North,Airport,Medium,29.04,Web,0,1
O00971,C0405,Parcel,2025-12-21 15:30:00,6,Central,South,High,14.62,App,0,1
O00972,C0396,Parcel,2024-09-20 05:32:00,24,East,South,Medium,95.82,Web,1,1
O00973,C0506,Parcel,2024-01-12 20:41:00,1,Airport,West,Low,81.56,App,0,1
O00974,C0071,Retail,2025-06-11 00:41:00,4,East,Riverside,Medium,74.02,App,0,1
O00975,C0455,Retail,2025-04-26 21:47:00,4,Central,South,Medium,33.56,App,0,1
O00976,C0078,Medical,2024-02-02 17:41:00,24,Central,East,High,40.78,Phone,0,1
O00977,C0235,Retail,2024-08-27 15:42:00,4,West,West,Medium,25.58,App,1,0
O00978,C0515,Parcel,2025-09-11 04:41:00,24,Riverside,Central,High,124.25,App,0,1
O00979,C0257,Business,2025-01-08 04:24:00,12,North,West,Low,54.09,Phone,0,1
O00980,C0545,Parcel,2024-11-25 23:02:00,4,West,Riverside,Medium,510.06,App,0,1
O00981,C0597,Medical,2025-01-11 21:57:00,24,Airport,Riverside,High,107.45,App,0,1
O00982,C0616,Parcel,2025-10-28 05:44:00,4,East,North,Critical,131.9,App,0,1
O00983,C0538,Passenger,2024-08-20 00:38:00,4,Central,North,Medium,122.09,Web,0,1
O00984,C0155,Parcel,2025-04-14 23:05:00,6,East,West,Medium,79.05,App,0,1
O00985,C0461,Parcel,2025-04-05 06:54:00,6,North,West,Low,117.68,App,0,1
O00986,C0303,Parcel,2024-02-06 09:28:00,24,South,South,Medium,111.61,Phone,0,0
O00987,C0612,Retail,2024-05-23 06:19:00,24,West,Central,High,115.17,App,0,1
O00988,C0330,Parcel,2024-11-17 18:12:00,6,Central,Riverside,Low,43.93,App,0,1
O00989,C0351,Medical,2024-03-08 12:01:00,1,North,Central,Medium,89.8,API,0,1
O00990,C0053,Retail,2025-11-26 05:00:00,4,South,Central,High,199.17,Phone,0,1
O00991,C0175,Business,2025-01-03 15:14:00,4,East,Central,High,61.06,App,0,1
O00992,C0438,Retail,2024-03-08 15:23:00,4,Central,South,High,54.25,Phone,0,1
O00993,C0440,Passenger,2025-06-07 23:31:00,24,East,North,High,51.85,Phone,1,1
O00994,C0521,Retail,2025-11-19 06:39:00,1,South,South,High,40.11,API,0,0
O00995,C0622,Passenger,2024-08-09 06:53:00,24,Central,West,Medium,202.67,Phone,0,1
O00996,C0238,Passenger,2025-04-26 06:19:00,4,Central,East,High,52.53,App,1,1
O00997,C0560,Retail,2025-04-12 08:14:00,4,South,West,Critical,59.22,Web,0,1
O00998,C0169,Parcel,2024-11-25 01:26:00,6,North,South,Medium,23.86,Phone,1,1
O00999,C0613,Retail,2024-06-30 10:26:00,24,Riverside,South,High,170.69,Web,1,1
O01000,C0576,Retail,2025-11-15 22:01:00,6,Airport,West,Medium,59.9,API,1,1
O01001,C0413,Passenger,2025-08-05 11:49:00,12,West,Central,High,78.37,Web,0,1
O01002,C0607,Business,2024-06-14 07:52:00,12,West,West,Medium,109.31,Web,1,0
O01003,C0473,Passenger,2024-01-01 04:38:00,24,Airport,West,Low,60.87,Web,0,1
O01004,C0056,Retail,2024-09-21 19:29:00,2,Central,Airport,High,98.19,Web,0,1
O01005,C0104,Business,2025-05-01 17:35:00,12,Riverside,South,High,127.67,App,0,1
O01006,C0112,Parcel,2025-12-29 12:08:00,12,Central,East,High,74.48,Phone,1,1
O01007,C0556,Medical,2024-09-24 07:35:00,12,Riverside,Riverside,Medium,46.92,App,0,0
O01008,C0575,Parcel,2024-05-03 08:26:00,12,West,North,High,76.64,App,0,1
O01009,C0545,Passenger,2024-06-01 04:33:00,4,East,Riverside,Medium,167.86,Web,1,1
O01010,C0018,Business,2024-05-18 18:20:00,6,West,South,Low,55.14,App,0,1
O01011,C0257,Business,2024-02-28 05:14:00,12,Airport,South,Low,103.05,App,1,1
O01012,C0532,Retail,2025-03-08 05:05:00,1,Riverside,Central,Critical,99.1,App,0,1
O01013,C0185,Passenger,2025-08-22 14:50:00,4,Central,North,Low,76.79,Web,0,1
O01014,C0106,Medical,2025-02-22 08:56:00,1,South,Airport,Medium,47.39,App,0,1
O01015,C0226,Passenger,2025-08-06 21:14:00,6,Riverside,Central,High,40.54,Phone,0,1
O01016,C0407,Retail,2024-06-03 23:17:00,6,Airport,South,High,76.82,App,0,1
O01017,C0201,Retail,2025-12-30 13:06:00,6,Central,West,High,30.84,Phone,0,1
O01018,C0180,Parcel,2024-02-22 13:58:00,12,West,Airport,Medium,98.9,App,0,1
O01019,C0626,Parcel,2024-04-16 00:57:00,4,West,East,High,206.52,App,0,1
O01020,C0321,Retail,2024-10-23 02:18:00,2,Airport,South,High,77.64,App,0,1
O01021,C0625,Retail,2024-06-28 04:26:00,6,West,Central,High,78.29,API,0,1
O01022,C0061,Retail,2024-03-16 16:24:00,24,East,South,Medium,43.98,Web,0,1
O01023,C0243,Parcel,2024-11-03 21:41:00,6,Riverside,Central,Medium,89.2,App,0,1
O01024,C0396,Passenger,2025-12-23 16:37:00,4,North,West,Low,129.76,App,0,1
O01025,C0390,Parcel,2024-04-29 14:15:00,6,West,North,Medium,75.72,App,0,1
O01026,C0309,Business,2025-05-26 21:33:00,1,West,Central,High,20.25,Phone,0,1
O01027,C0492,Parcel,2025-08-23 21:51:00,4,East,Central,Medium,97.55,App,0,1
O01028,C0373,Passenger,2025-01-13 16:35:00,4,South,South,Medium,109.71,API,1,0
O01029,C0478,Retail,2024-07-16 13:04:00,1,East,North,Medium,87.86,App,0,1
O01030,C0279,Parcel,2025-08-29 08:36:00,6,Central,West,High,186.34,Web,1,1
O01031,C0578,Business,2025-01-26 05:55:00,6,East,Central,Medium,80.04,Web,0,1
O01032,C0357,Passenger,2025-12-09 08:41:00,4,West,East,High,74.27,Phone,0,1
O01033,C0234,Medical,2024-08-30 13:23:00,1,West,Central,Low,11.57,Phone,1,1
O01034,C0032,Business,2025-06-20 08:43:00,24,East,South,Medium,9.2,Web,0,1
O01035,C0508,Business,2024-03-16 22:47:00,6,East,Riverside,Low,54.57,App,0,1
O01036,C0647,Medical,2024-02-28 19:43:00,4,Central,North,Low,66.82,App,1,1
O01037,C0226,Passenger,2025-04-28 06:43:00,6,South,North,High,55.58,Web,0,1
O01038,C0141,Business,2024-12-01 00:28:00,6,West,South,Critical,20.72,Phone,0,1
O01039,C0171,Passenger,2025-05-01 10:43:00,6,West,Riverside,Low,84.17,App,1,1
O01040,C0290,Passenger,2025-12-27 20:56:00,4,Airport,Central,Medium,59.93,Web,1,1
O01041,C0551,Passenger,2024-07-03 14:20:00,4,South,West,Medium,41.43,App,0,1
O01042,C0571,Passenger,2024-08-26 13:05:00,12,Airport,East,Low,54.55,Phone,0,1
O01043,C0371,Retail,2024-07-31 17:26:00,12,Central,Riverside,Medium,93.72,Phone,1,1
O01044,C0190,Retail,2025-02-14 04:57:00,12,Airport,Riverside,Low,70.39,App,1,1
O01045,C0506,Parcel,2024-08-26 11:47:00,1,Central,Airport,High,53.78,Web,1,1
O01046,C0591,Retail,2025-12-26 11:24:00,24,South,East,High,169.64,Phone,0,1
O01047,C0121,Parcel,2025-11-10 15:49:00,4,West,Riverside,High,32.59,Phone,0,1
O01048,C0458,Medical,2025-01-08 04:14:00,12,Airport,Airport,Medium,160.1,Phone,1,0
O01049,C0527,Retail,2025-10-17 06:56:00,12,West,West,Medium,69.8,App,0,0
O01050,C0363,Passenger,2024-09-29 03:02:00,6,Central,South,Medium,73.98,API,0,1
O01051,C0288,Retail,2025-06-06 04:56:00,4,Central,Airport,Low,74.57,Phone,0,1
O01052,C0429,Retail,2025-02-19 19:26:00,6,East,South,Low,91.5,App,0,1
O01053,C0106,Passenger,2025-10-23 02:30:00,6,East,West,Low,285.05,App,0,1
O01054,C0216,Retail,2025-08-19 14:21:00,4,South,Airport,Medium,260.15,Web,0,1
O01055,C0621,Parcel,2025-08-13 17:22:00,6,North,South,Medium,33.59,Web,0,1
O01056,C0203,Retail,2024-12-19 22:48:00,4,East,Airport,Medium,111.26,Phone,1,1
O01057,C0579,Passenger,2025-03-23 10:11:00,4,Airport,North,Medium,50.3,App,0,1
O01058,C0215,Retail,2025-05-08 22:01:00,6,Airport,West,Low,179.11,App,0,1
O01059,C0107,Business,2025-11-23 21:49:00,6,East,East,Medium,19.55,App,0,0
O01060,C0277,Parcel,2024-06-13 12:23:00,2,West,North,Low,103.55,Web,0,1
O01061,C0535,Retail,2024-04-29 20:49:00,2,Central,West,Medium,13.17,App,0,1
O01062,C0559,Medical,2024-10-26 17:41:00,4,East,Central,Medium,128.73,App,1,1
O01063,C0054,Retail,2024-07-27 20:15:00,12,East,Riverside,Medium,47.11,App,1,1
O01064,C0095,Passenger,2025-12-22 18:49:00,12,Central,Airport,Medium,48.29,App,1,1
O01065,C0436,Parcel,2024-07-20 11:49:00,4,South,South,Medium,35.51,Web,1,0
O01066,C0084,Business,2024-11-04 20:16:00,2,East,Airport,Low,54.18,Phone,1,1
O01067,C0304,Retail,2024-06-16 02:38:00,12,North,West,Low,8.17,API,0,1
O01068,C0089,Passenger,2025-04-10 21:56:00,2,Riverside,West,Low,53.32,App,0,1
O01069,C0219,Passenger,2025-08-25 01:12:00,12,Central,North,High,18.2,App,1,1
O01070,C0335,Parcel,2024-01-16 19:34:00,24,East,North,Low,153.81,Phone,0,1
O01071,C0055,Retail,2025-02-26 23:35:00,12,South,East,Medium,97.8,App,0,1
O01072,C0384,Passenger,2024-10-05 00:04:00,6,West,North,High,172.79,App,0,1
O01073,C0047,Passenger,2024-01-05 05:05:00,6,Central,Airport,Medium,34.23,App,0,1
O01074,C0499,Passenger,2025-12-13 07:00:00,2,Central,South,Low,51.75,App,0,1
O01075,C0260,Passenger,2024-06-26 07:11:00,2,East,Airport,High,181.2,App,0,1
O01076,C0035,Business,2024-09-28 22:50:00,6,South,Airport,Critical,46.37,App,0,1
O01077,C0021,Retail,2024-08-30 00:01:00,4,North,Riverside,Low,130.85,App,0,1
O01078,C0622,Parcel,2024-04-26 02:59:00,6,Airport,Riverside,Low,91.33,Web,1,1
O01079,C0017,Passenger,2024-03-31 06:09:00,24,South,Riverside,Medium,190.5,App,0,1
O01080,C0107,Passenger,2025-04-26 10:04:00,1,Central,North,High,65.57,App,1,1
O01081,C0581,Medical,2025-06-18 11:20:00,2,West,Airport,Critical,10.07,App,1,1
O01082,C0530,Medical,2024-10-25 13:47:00,24,Riverside,West,Medium,43.58,Web,0,1
O01083,C0156,Retail,2025-05-05 08:21:00,12,East,South,Low,29.43,Phone,0,1
O01084,C0416,Passenger,2024-02-26 02:16:00,4,Central,South,Medium,64.17,App,0,1
O01085,C0051,Medical,2024-06-15 08:05:00,6,Central,West,High,150.85,App,0,1
O01086,C0276,Passenger,2024-03-05 19:03:00,4,Airport,South,Low,140.6,Phone,0,1
O01087,C0248,Parcel,2025-12-14 08:08:00,1,Airport,West,Low,116.34,Web,0,1
O01088,C0444,Parcel,2024-12-02 10:32:00,6,North,West,Medium,49.16,Web,1,1
O01089,C0035,Retail,2025-05-18 04:12:00,2,Riverside,North,Low,7.74,Phone,0,1
O01090,C0414,Medical,2025-09-11 17:51:00,24,South,Airport,Critical,58.6,App,0,1
O01091,C0471,Business,2024-02-22 04:53:00,2,Riverside,Airport,Medium,49.37,App,0,1
O01092,C0482,Passenger,2025-12-10 13:24:00,6,North,East,Low,97.48,Web,0,1
O01093,C0205,Retail,2024-10-29 22:01:00,12,Riverside,West,Low,38.72,App,1,1
O01094,C0204,Parcel,2024-08-22 09:51:00,2,East,Riverside,Medium,208.68,Phone,0,1
O01095,C0612,Business,2024-03-14 15:06:00,6,South,Airport,High,23.65,Web,0,1
O01096,C0036,Passenger,2024-03-08 18:09:00,4,North,Airport,Medium,163.56,App,0,1
O01097,C0390,Retail,2024-07-14 22:28:00,12,Airport,North,Low,59.58,App,0,1
O01098,C0093,Retail,2025-04-24 07:39:00,2,North,Riverside,Low,17.79,Web,0,1
O01099,C0302,Retail,2024-04-05 21:30:00,24,East,Central,Critical,35.33,App,0,1
O01100,C0239,Business,2025-08-01 13:08:00,4,Airport,East,High,41.49,App,0,1
O01101,C0023,Parcel,2024-01-14 06:59:00,6,Riverside,North,Medium,38.39,Phone,1,1
O01102,C0323,Passenger,2025-08-19 06:06:00,4,Airport,West,Medium,81.39,API,1,1
O01103,C0337,Passenger,2025-10-11 14:15:00,24,North,East,Medium,95.68,App,0,1
O01104,C0480,Parcel,2024-09-21 16:27:00,12,East,Riverside,Low,55.13,Web,0,1
O01105,C0239,Business,2025-06-18 17:21:00,12,East,West,Medium,13.4,Phone,0,1
O01106,C0175,Business,2024-02-28 00:14:00,12,East,Central,Medium,22.49,Web,0,1
O01107,C0182,Business,2024-01-25 07:32:00,12,Airport,Central,Medium,282.35,App,0,1
O01108,C0235,Parcel,2024-10-24 06:40:00,4,North,Central,Critical,164.37,Web,0,1
O01109,C0598,Business,2025-12-08 14:39:00,2,Airport,Riverside,Low,16.12,Phone,0,1
O01110,C0232,Passenger,2024-07-15 05:13:00,1,South,Airport,Low,82.48,App,0,1
O01111,C0167,Retail,2024-11-14 21:57:00,6,South,North,Low,18.03,App,1,1
O01112,C0301,Business,2024-09-24 04:10:00,2,East,West,Critical,278.14,App,0,1
O01113,C0599,Passenger,2024-03-04 07:29:00,6,Riverside,North,High,94.63,Web,0,1
O01114,C0278,Passenger,2024-12-13 22:45:00,1,Riverside,East,Medium,94.52,App,0,1
O01115,C0492,Business,2025-11-28 22:50:00,1,West,Central,Medium,63.15,Web,0,1
O01116,C0556,Medical,2024-11-13 12:20:00,6,East,West,Medium,61.33,App,0,1
O01117,C0296,Parcel,2025-06-19 23:19:00,6,Airport,East,High,59.12,App,0,1
O01118,C0106,Passenger,2024-02-26 19:20:00,4,West,West,High,65.93,App,0,0
O01119,C0627,Medical,2024-04-01 09:03:00,6,Central,North,Medium,47.89,Phone,0,1
O01120,C0182,Medical,2024-11-28 16:15:00,2,South,West,Low,62.79,App,0,1
O01121,C0078,Retail,2024-06-03 05:59:00,12,Central,South,High,73.49,App,0,1
O01122,C0390,Parcel,2025-10-06 07:29:00,12,South,Riverside,High,131.53,App,0,1
O01123,C0274,Parcel,2024-01-31 06:20:00,24,South,West,High,98.07,App,1,1
O01124,C0015,Business,2024-05-02 16:45:00,4,Riverside,South,High,148.02,App,1,1
O01125,C0510,Parcel,2025-06-17 11:43:00,12,West,Central,Low,47.38,Phone,0,1
O01126,C0587,Parcel,2025-05-02 16:19:00,4,South,Central,Medium,15.01,Web,0,1
O01127,C0296,Retail,2024-03-17 03:42:00,1,Riverside,Central,Medium,104.37,Web,1,1
O01128,C0588,Passenger,2024-03-12 19:24:00,6,West,Airport,Medium,12.73,App,0,1
O01129,C0292,Medical,2025-03-23 15:04:00,6,North,Airport,Low,139.29,App,0,1
O01130,C0649,Business,2024-09-15 21:32:00,4,East,North,Low,94.24,App,0,1
O01131,C0110,Medical,2024-08-15 14:20:00,4,Airport,North,Low,150.77,App,1,1
O01132,C0588,Business,2025-05-03 22:26:00,2,South,Riverside,Low,81.66,App,0,1
O01133,C0318,Parcel,2025-12-23 11:34:00,24,East,West,Medium,8.61,Phone,0,1
O01134,C0248,Retail,2025-04-02 23:59:00,4,Central,South,Low,87.01,App,0,1
O01135,C0505,Parcel,2024-11-18 19:03:00,4,West,West,High,103.41,Web,0,0
O01136,C0529,Retail,2024-04-17 14:05:00,1,Central,North,Low,123.74,App,1,1
O01137,C0213,Passenger,2025-10-14 08:08:00,2,South,Central,Medium,101.93,App,1,1
O01138,C0409,Parcel,2024-02-08 17:08:00,2,Airport,South,Medium,41.05,App,0,1
O01139,C0474,Medical,2024-03-05 14:43:00,6,East,East,Medium,87.44,App,0,0
O01140,C0244,Passenger,2025-09-26 01:19:00,6,East,South,Low,97.23,App,0,1
O01141,C0630,Business,2025-11-04 02:54:00,4,East,North,Low,36.73,App,1,1
O01142,C0136,Retail,2025-11-07 10:27:00,24,East,West,High,91.95,App,0,1
O01143,C0467,Retail,2025-06-16 02:09:00,2,Riverside,East,Low,217.11,Phone,0,1
O01144,C0571,Passenger,2025-02-07 22:06:00,4,Riverside,South,Medium,17.71,App,1,1
O01145,C0548,Passenger,2024-02-22 01:18:00,24,East,North,Medium,301.38,App,0,1
O01146,C0118,Business,2025-11-17 04:33:00,6,South,East,High,61.63,Phone,0,1
O01147,C0165,Retail,2024-04-19 22:04:00,2,South,South,Low,149.49,App,0,0
O01148,C0606,Passenger,2024-11-19 05:52:00,24,Central,Riverside,Medium,122.59,App,0,1
O01149,C0246,Business,2025-06-28 19:53:00,24,Riverside,Airport,Low,34.67,App,0,1
O01150,C0270,Passenger,2025-02-20 05:15:00,1,North,West,Low,144.76,Phone,0,1
O01151,C0100,Retail,2024-06-26 12:48:00,12,South,North,Medium,94.09,App,0,1
O01152,C0247,Passenger,2025-03-12 22:21:00,24,Riverside,West,High,192.23,App,0,1
O01153,C0004,Business,2025-01-06 03:57:00,2,Central,Airport,High,59.44,App,0,1
O01154,C0588,Medical,2024-09-05 14:35:00,12,South,South,Low,25.19,Phone,0,0
O01155,C0021,Parcel,2024-04-29 02:16:00,4,Airport,East,Low,56.45,Web,0,1
O01156,C0430,Passenger,2025-01-30 15:14:00,12,South,West,Medium,47.0,App,0,1
O01157,C0012,Parcel,2024-07-08 19:51:00,1,Riverside,East,High,123.37,Web,0,1
O01158,C0075,Parcel,2024-10-22 14:25:00,24,North,West,Medium,40.06,Phone,0,1
O01159,C0069,Passenger,2024-07-25 23:50:00,24,West,North,Low,47.65,Phone,1,1
O01160,C0548,Parcel,2024-05-12 23:12:00,4,Riverside,Airport,High,171.67,App,0,1
O01161,C0359,Passenger,2025-05-17 03:55:00,4,Riverside,North,High,32.02,App,0,1
O01162,C0261,Passenger,2025-06-09 10:51:00,2,Riverside,East,Medium,89.31,API,0,1
O01163,C0399,Parcel,2024-09-10 00:16:00,4,North,East,Low,13.49,App,1,1
O01164,C0530,Parcel,2025-06-09 15:52:00,4,Riverside,West,High,197.5,App,0,1
O01165,C0478,Passenger,2025-12-13 04:54:00,6,East,West,Low,118.02,Phone,0,1
O01166,C0053,Parcel,2025-09-22 10:20:00,4,West,North,Medium,57.89,Web,1,1
O01167,C0336,Parcel,2024-06-25 23:47:00,6,Central,East,Low,103.78,App,0,1
O01168,C0575,Passenger,2024-12-15 21:12:00,12,Airport,Central,Medium,30.78,Web,1,1
O01169,C0158,Parcel,2025-11-06 13:03:00,4,Airport,East,Medium,145.59,Web,0,1
O01170,C0321,Passenger,2024-01-01 07:36:00,6,Central,West,Low,104.64,Web,0,1
O01171,C0508,Passenger,2024-12-18 00:50:00,6,Riverside,Central,Medium,52.73,Web,0,1
O01172,C0383,Medical,2024-09-17 19:02:00,4,North,Riverside,Medium,111.98,Phone,0,1
O01173,C0194,Passenger,2024-02-08 10:14:00,6,North,Airport,Medium,41.11,Phone,0,1
O01174,C0605,Passenger,2024-11-21 08:23:00,6,Riverside,Airport,Critical,104.71,Web,0,1
O01175,C0623,Retail,2024-11-04 11:39:00,24,West,Airport,Low,63.42,Web,0,1
O01176,C0461,Parcel,2024-12-27 12:24:00,6,North,Riverside,High,93.51,App,1,1
O01177,C0611,Parcel,2024-10-17 03:14:00,12,Central,South,High,63.29,App,0,1
O01178,C0362,Medical,2024-01-13 21:26:00,4,West,Riverside,Critical,2.04,Web,0,1
O01179,C0207,Passenger,2025-10-13 18:48:00,6,Riverside,Central,High,64.87,App,0,1
O01180,C0197,Passenger,2024-09-07 20:51:00,2,Airport,Central,High,109.31,Web,1,1
O01181,C0346,Retail,2024-02-23 23:10:00,6,West,East,High,95.57,App,0,1
O01182,C0256,Passenger,2024-06-03 09:16:00,6,Airport,North,High,128.45,App,0,1
O01183,C0351,Retail,2025-05-31 20:20:00,2,West,Central,Medium,53.74,App,0,1
O01184,C0253,Business,2025-01-24 13:53:00,12,Riverside,West,Medium,25.61,Web,0,1
O01185,C0591,Parcel,2024-11-10 04:15:00,12,Airport,Riverside,Medium,59.09,App,0,1
O01186,C0184,Medical,2025-07-06 22:21:00,1,Riverside,West,Medium,96.23,Web,0,1
O01187,C0451,Medical,2025-11-17 01:22:00,1,North,Airport,Low,53.13,App,0,1
O01188,C0291,Parcel,2024-06-25 10:56:00,1,Central,West,Critical,83.85,Phone,0,1
O01189,C0353,Parcel,2024-05-22 23:55:00,6,Airport,Riverside,Low,129.6,Web,0,1
O01190,C0168,Parcel,2025-11-24 17:41:00,4,East,Central,High,34.37,App,0,1
O01191,C0258,Business,2024-02-19 17:29:00,2,East,North,Low,91.82,App,0,1
O01192,C0200,Business,2024-12-13 15:50:00,2,Airport,Central,Medium,79.83,Web,0,1
O01193,C0519,Medical,2025-04-17 23:55:00,6,East,Central,Medium,11.71,API,0,1
O01194,C0229,Passenger,2024-08-07 23:21:00,2,South,Airport,Medium,88.17,App,1,1
O01195,C0529,Retail,2025-01-04 07:04:00,2,Airport,Central,Medium,94.26,Phone,0,1
O01196,C0109,Parcel,2024-04-12 03:20:00,4,South,East,Low,79.58,Phone,0,1
O01197,C0359,Retail,2024-01-27 00:14:00,24,Central,Airport,Medium,63.08,App,0,1
O01198,C0013,Retail,2025-01-13 02:39:00,6,North,East,High,36.61,App,0,1
O01199,C0225,Business,2024-03-10 15:47:00,1,Central,West,Medium,119.36,App,0,1
O01200,C0433,Passenger,2024-02-23 06:55:00,6,Riverside,Riverside,Low,68.78,Web,0,0
O01201,C0650,Parcel,2025-04-18 20:25:00,12,Riverside,North,Medium,80.58,App,0,1
O01202,C0459,Retail,2024-11-14 15:24:00,6,East,North,Medium,65.73,Phone,0,1
O01203,C0445,Parcel,2024-11-13 20:40:00,24,West,Riverside,Medium,141.68,Web,0,1
O01204,C0498,Passenger,2025-08-13 15:20:00,1,East,Central,Critical,162.33,App,0,1
O01205,C0559,Parcel,2024-12-19 23:53:00,4,West,North,Low,65.7,Web,0,1
O01206,C0236,Medical,2024-11-15 23:55:00,4,Central,Riverside,High,142.54,Web,0,1
O01207,C0197,Business,2024-12-26 18:58:00,6,Central,Riverside,Medium,321.68,App,0,1
O01208,C0098,Medical,2024-04-18 19:37:00,12,Riverside,South,Medium,116.78,Phone,1,1
O01209,C0182,Parcel,2025-06-14 02:30:00,2,Riverside,Central,Medium,12.79,App,0,1
O01210,C0581,Medical,2025-04-01 13:00:00,2,Riverside,Riverside,Medium,198.15,App,0,0
O01211,C0345,Medical,2025-11-12 07:13:00,24,South,South,Medium,17.36,API,0,0
O01212,C0262,Parcel,2024-08-01 11:34:00,2,West,South,Low,45.3,API,1,1
O01213,C0502,Retail,2025-01-06 21:44:00,12,South,Riverside,High,90.58,App,0,1
O01214,C0386,Medical,2024-05-07 20:58:00,4,Central,North,High,17.33,Phone,1,1
O01215,C0054,Business,2025-08-05 01:29:00,12,North,Airport,Medium,205.06,App,0,1
O01216,C0382,Passenger,2025-08-28 18:27:00,6,West,Airport,Low,37.65,App,1,1
O01217,C0263,Passenger,2024-01-25 22:08:00,12,Central,South,High,121.06,Phone,0,1
O01218,C0065,Retail,2025-03-15 02:11:00,4,Airport,North,Medium,101.68,Phone,0,1
O01219,C0164,Passenger,2025-06-20 09:52:00,4,North,Riverside,High,81.91,API,0,1
O01220,C0006,Passenger,2025-06-11 23:22:00,6,West,Airport,High,76.75,Phone,0,1
O01221,C0243,Passenger,2024-04-13 07:50:00,4,East,Central,Medium,183.7,App,0,1
O01222,C0361,Retail,2025-09-10 01:14:00,12,North,East,Critical,105.79,Phone,0,1
O01223,C0522,Parcel,2025-01-10 23:27:00,12,East,Riverside,Medium,97.73,Web,0,1
O01224,C0296,Passenger,2024-06-10 12:40:00,4,Riverside,Central,Low,136.16,App,0,1
O01225,C0074,Parcel,2025-12-27 02:59:00,24,North,Central,High,165.46,App,1,1
O01226,C0140,Passenger,2025-03-02 06:20:00,6,South,South,Medium,131.87,App,0,0
O01227,C0282,Medical,2024-11-05 10:32:00,2,Central,North,High,95.27,Phone,0,1
O01228,C0431,Retail,2024-07-10 15:34:00,6,West,North,Low,110.84,Web,0,1
O01229,C0399,Passenger,2025-05-27 00:42:00,1,East,Riverside,Medium,84.74,Phone,0,1
O01230,C0564,Parcel,2024-05-26 19:24:00,1,Central,North,High,86.63,App,0,1
O01231,C0305,Medical,2025-07-28 05:11:00,6,Airport,East,Medium,45.16,App,1,1
O01232,C0189,Passenger,2024-01-18 20:35:00,6,West,East,Medium,55.4,App,1,1
O01233,C0520,Retail,2024-04-25 18:23:00,4,West,South,High,51.7,Phone,0,1
O01234,C0163,Parcel,2024-02-24 01:13:00,2,West,North,Medium,119.86,Phone,1,1
O01235,C0636,Medical,2025-06-01 00:57:00,1,North,Riverside,Low,67.31,Phone,0,1
O01236,C0543,Business,2025-05-29 22:57:00,12,South,Airport,Low,156.71,App,0,1
O01237,C0357,Parcel,2025-12-30 06:32:00,12,Central,East,High,195.64,App,0,1
O01238,C0318,Passenger,2025-04-18 04:35:00,12,South,North,Medium,79.85,App,0,1
O01239,C0392,Retail,2024-08-06 04:09:00,2,South,West,Medium,57.51,Web,0,1
O01240,C0649,Passenger,2025-10-08 14:51:00,2,East,East,High,178.86,Phone,0,0
O01241,C0537,Passenger,2024-02-01 13:08:00,2,Airport,South,High,51.66,Web,0,1
O01242,C0550,Business,2025-09-08 22:16:00,1,Central,Riverside,Low,284.98,App,0,1
O01243,C0428,Retail,2025-09-10 08:14:00,12,East,Central,Medium,113.08,Web,1,1
O01244,C0279,Passenger,2025-03-06 06:32:00,24,Airport,North,High,58.93,Phone,0,1
O01245,C0237,Retail,2025-10-05 14:03:00,2,Airport,Airport,High,24.93,App,1,0
O01246,C0198,Business,2024-04-04 00:51:00,4,Airport,North,Medium,60.45,App,0,1
O01247,C0397,Parcel,2024-12-14 22:10:00,4,Central,Riverside,Low,23.58,Web,0,1
O01248,C0517,Retail,2024-08-30 17:16:00,24,South,Riverside,Medium,28.17,App,0,1
O01249,C0572,Medical,2024-08-25 16:52:00,1,Central,Riverside,High,188.73,Web,0,1
O01250,C0180,Retail,2024-06-28 07:38:00,1,North,East,High,128.53,App,0,1
